1000
763 1413 1541
834 974 602
311 578 576
525 1122 1857
56 729 1088
77 1405 888
625 1129 1321
268 690 991
1180 484 379
844 908 1074
1234 23 487
775 857 1813
1729 1520 391
306 45 1866
163 102 595
1603 531 0
843 1509 1481
165 1777 523
1156 1309 1008
1535 154 268
610 1388 292
1097 515 1501
911 245 1022
1654 903 1419
1520 1418 1873
115 1022 757
467 1865 266
1948 382 43
472 1539 1705
1832 1074 211
452 36 1599
744 1486 466
598 749 1063
1972 403 1966
1743 276 1385
1617 391 759
374 859 976
992 1159 1359
1387 1983 1250
1092 1815 676
1303 268 713
1254 1364 551
1721 314 1300
784 286 1703
1103 30 1979
840 1999 723
1951 725 1934
927 1717 1445
638 1104 1429
240 197 1244
917 1852 1864
1982 1107 1581
533 828 1895
1833 1964 534
1888 1067 916
220 259 915
943 210 1640
1229 1490 1709
674 480 813
103 721 1362
1700 1638 1215
1916 1620 322
1497 153 1502
1745 338 1466
279 226 886
1195 446 1497
462 1741 1708
454 1322 1550
163 1997 30
976 452 751
339 504 389
1554 421 361
228 270 866
1730 367 1204
1548 998 1783
786 545 581
284 1007 675
344 1461 1997
1894 1624 346
1924 953 799
676 1292 1655
1417 1198 428
131 1778 1051
997 1860 1418
554 1408 417
337 547 1314
918 831 322
1593 1175 135
1591 1421 112
289 1345 1065
1440 373 709
1096 1791 259
1524 1922 37
575 1271 249
346 1825 9
1115 162 556
429 1433 1739
1103 1026 1266
1591 969 687
1703 1259 33
1120 1051 406
181 147 549
440 24 823
829 599 95
1078 1297 272
1439 412 787
1996 1194 220
1735 649 1598
1354 240 920
41 1943 531
426 1415 1582
833 1596 1730
1734 388 106
558 1569 1057
1005 999 355
1277 439 1119
416 435 313
636 522 1315
587 1876 1555
1507 1918 1851
390 344 1266
1972 1529 1215
54 1264 1603
160 174 1173
1218 1179 172
1925 808 611
1044 1577 1398
1710 213 1921
1025 1152 149
580 1011 419
783 1401 1116
50 1726 645
1617 132 261
1220 293 787
745 1863 318
918 140 1479
1881 1184 1056
1632 1246 1621
1553 623 774
54 1556 1785
474 339 1539
1590 741 1265
587 358 1397
1201 1931 42
1988 676 1905
307 1946 45
1786 1828 1582
1194 1812 1180
815 1365 1804
1589 1771 1360
1727 245 1699
1266 1835 441
531 775 1151
280 1976 1082
323 316 1759
580 623 1705
978 761 1885
912 1955 49
92 1123 1766
1896 712 1538
1608 791 1783
1308 57 1971
101 940 746
1604 1221 1074
687 1896 1390
798 828 366
855 1806 1479
1093 718 1435
1142 1163 910
909 1411 1622
447 1020 414
582 328 823
553 781 1764
1651 385 1337
1077 1424 1585
468 222 413
1186 1078 220
665 171 1290
452 1665 805
1362 574 217
1337 1373 1237
1751 1956 1917
926 861 698
690 865 1435
379 1942 860
1964 762 1082
378 1948 512
950 614 1035
592 1066 701
1398 429 1627
1615 1766 1001
852 1869 957
1121 1147 170
1819 190 1035
1606 569 978
466 534 1740
1901 1264 41
413 214 655
1801 1158 73
502 556 854
481 523 972
1482 1727 1193
791 848 341
962 1019 531
1997 626 1452
1327 1092 338
1420 1345 1602
1461 1759 168
468 1912 1327
893 766 235
100 1247 759
1072 1082 838
618 1873 1687
959 1187 706
1842 1185 1684
1294 864 777
1633 284 122
1587 97 233
1756 917 497
1435 1811 1263
22 1911 511
781 1335 1593
1972 1953 1818
1659 912 1006
717 1106 543
402 401 1759
1531 34 44
5 1621 493
239 1729 1411
736 1516 1574
352 1539 1485
863 672 1172
808 644 1126
978 303 390
336 1373 1497
1231 127 1898
991 1658 284
1387 1663 257
1880 254 339
1643 991 1855
1217 1343 1394
1054 558 67
227 1718 711
1353 696 1367
95 1385 1092
1592 616 1219
1842 1607 877
478 994 892
736 1227 1147
1075 1222 490
1282 440 185
677 1846 743
1096 425 813
159 130 1861
1878 226 1246
970 1818 1863
541 13 1822
1770 491 817
663 1579 396
1810 654 1618
300 289 410
485 966 609
1580 414 1034
393 573 1165
254 452 1743
1501 1774 1913
1716 316 1926
1538 86 770
707 1101 349
1455 911 1004
1426 1563 1293
1836 400 611
797 1980 1377
1832 725 1950
1349 1332 754
1444 1185 881
1357 901 1197
1636 791 1635
406 1499 737
755 954 0
111 380 1564
1756 569 316
367 1718 649
96 1902 1374
47 1603 1058
1153 1047 243
34 405 1144
1583 41 288
1219 447 1787
308 1554 1093
308 1666 1826
224 1422 747
893 142 465
1542 238 368
1268 637 1971
327 1791 1019
570 1825 1776
67 1409 169
355 980 616
494 1640 522
1587 300 188
1765 877 1963
512 1770 105
978 1312 695
1698 580 1333
1669 1259 1476
1040 1830 1301
816 249 1062
985 604 394
1953 1450 34
476 1037 335
1016 1155 1212
979 1667 1334
1084 645 646
132 343 1578
1465 365 1190
941 1405 1020
594 574 1621
9 1559 225
403 1513 27
790 341 1416
1477 1357 571
689 337 239
23 1773 1236
1021 1905 1932
951 1722 297
141 1015 54
1513 1962 628
1134 1971 540
1711 726 53
1738 1868 746
1155 1345 103
1726 386 792
317 761 566
1554 1782 823
1838 1086 898
487 1579 1913
541 1093 1875
1522 227 198
62 291 925
467 29 793
1213 1536 491
1668 1615 877
461 1932 1639
1379 1838 1773
554 1676 1211
1452 515 791
1366 1057 1884
1593 931 463
1792 993 754
1069 1812 1136
1862 1025 1024
705 1045 639
1583 1506 924
1574 1237 1114
1347 1792 1143
559 1244 1658
1702 610 1067
1586 204 1998
401 348 1343
1508 1417 1155
644 1631 532
20 337 1578
1012 1920 1436
288 1846 674
1402 1193 466
897 104 62
556 1806 673
1623 1744 1229
1974 146 1577
1317 1654 1346
825 650 977
1357 1022 1314
935 34 1586
372 322 1432
1398 77 626
1864 974 1082
1926 1882 1241
951 1858 1337
532 1832 1835
461 1501 1489
1807 326 491
785 36 1514
451 1323 1900
38 1695 575
1470 1445 1004
448 1309 1978
1531 1588 1861
1124 891 1719
461 1776 1903
297 589 1404
138 397 83
982 1534 119
848 1985 1794
748 375 1490
1675 1846 1287
679 294 949
658 177 537
871 1301 1780
942 115 1908
1197 764 498
953 902 895
1036 1884 781
1507 1084 1118
1302 1833 1494
1144 1508 1340
431 188 1986
1732 1198 164
269 421 1465
402 1363 1932
310 560 696
808 1865 1599
55 1254 1835
1188 761 920
659 415 1105
153 1911 965
1845 695 1153
1831 427 703
1995 1049 1124
1813 1803 839
97 465 1751
794 1626 1617
745 33 871
932 1222 1984
204 1881 752
1309 386 1015
275 231 1710
1780 414 490
836 762 1891
1960 575 1694
1152 1024 159
903 1818 137
872 915 171
1743 1848 1393
80 52 1626
832 1714 364
1847 341 947
1910 473 1361
400 1309 123
643 1622 1050
689 1126 75
1200 29 245
1338 1254 1161
1509 997 1009
1254 1429 1413
880 261 1127
1596 461 1820
543 371 294
1904 1123 1955
380 118 1929
1430 807 1055
1505 7 1437
103 1345 691
1264 854 40
273 108 1470
38 1340 1731
1518 936 544
1338 1831 915
1984 1736 390
1940 116 508
1869 1898 1315
925 1756 1323
362 1859 668
1405 1123 1875
1445 1748 335
915 1786 28
999 1304 1316
1543 995 1148
811 979 884
1201 919 1352
62 1141 1602
1729 418 1358
1404 1132 1217
73 537 692
300 1982 440
635 1250 579
663 249 235
1980 1792 1230
1480 955 562
716 509 1481
68 571 974
1670 652 1392
1381 57 524
598 482 1061
1643 782 1396
83 1769 646
1014 785 895
1250 1117 1039
832 597 347
1394 1313 856
1228 1733 1779
554 1755 431
1947 1136 488
471 87 970
1885 1730 1752
1633 165 1874
279 1180 659
1526 782 1776
917 1966 725
1264 1361 38
120 941 123
251 1495 1878
683 1794 1015
1171 618 1102
494 503 1184
598 488 1349
472 767 529
1483 645 1663
1611 1914 1630
336 1179 1343
726 1651 636
849 1903 131
728 938 278
95 109 896
1549 603 1399
733 1202 239
82 26 1358
964 1510 3
979 1121 1917
609 1810 1448
1952 536 1452
940 1386 1707
1072 466 997
1702 561 1106
598 110 62
349 843 1616
588 1277 1994
1946 593 1504
301 1573 978
218 534 788
19 839 1676
1823 1779 1062
1882 1203 1528
879 905 441
337 1503 551
751 1852 1746
719 440 1376
714 386 321
570 687 1894
1900 1258 429
1040 1629 1620
717 1804 1399
1779 1686 603
1660 565 1508
101 902 1012
1005 1654 1216
1103 725 1657
479 1439 395
801 362 1435
1047 262 1045
1828 1303 1026
1448 20 830
848 151 516
1803 163 1433
1311 617 687
675 1622 693
1892 725 1419
1549 1557 1210
296 710 1572
83 1757 1835
1128 1938 1490
506 1738 1862
1336 586 13
204 389 529
1989 53 1146
677 728 768
1370 620 1845
1141 521 1754
352 1170 464
1924 1253 574
111 734 864
1953 1240 602
1815 929 1541
1829 1485 282
710 1475 335
1856 152 1416
976 1874 388
1173 1016 1262
928 1368 432
1744 1644 37
670 1756 1123
1534 1709 716
137 1525 1645
30 1706 1130
312 416 605
1000 624 1109
416 1600 984
804 773 0
418 1701 1720
850 1798 1364
1240 468 1120
363 3 1182
1079 492 1059
1076 522 1117
207 1186 1885
1164 186 509
626 602 109
1610 1759 1234
1962 177 936
1682 1380 1086
1046 620 1554
519 983 1909
1701 415 401
1112 1491 1275
229 50 462
114 1215 648
975 193 1603
1084 1803 1714
318 117 1891
1606 1799 1623
692 1197 243
599 68 1579
508 121 1994
1262 1233 1485
537 1814 1536
1351 280 1103
0 1255 1296
1955 691 1451
1669 1362 1568
1912 1320 1719
1536 365 1268
1779 964 1337
1710 1824 1458
1704 1086 1044
1542 1624 858
1078 975 1139
533 1327 394
1829 1282 1438
1632 1303 800
1552 1216 120
1623 752 485
891 883 1801
580 594 1626
391 650 712
1435 192 688
293 1622 16
1432 155 1695
179 336 1330
1969 1968 633
769 1520 1849
1241 1495 601
79 387 1485
1880 1319 431
1858 1710 1081
571 1145 1274
1611 1439 896
1979 1223 1052
1675 1754 1388
1005 1723 1709
1638 844 1581
1488 86 1077
441 517 1464
278 749 1135
709 608 846
1791 1531 1991
1417 1494 1782
313 1474 1358
1717 1149 1464
1458 506 1540
1167 144 384
748 1984 822
177 426 1691
1993 704 441
1129 1766 1049
1975 1557 932
318 1326 426
453 1639 1900
1811 1709 1401
1627 1167 1907
1167 686 52
1904 1786 36
726 1964 814
770 1957 1871
1211 1086 1637
612 1413 1546
1544 1732 872
1970 185 863
223 348 572
1624 1975 1739
1532 1143 777
1584 1047 564
1972 125 880
1139 895 837
1010 458 276
647 1070 1689
193 966 1773
1065 1289 1958
1928 1512 306
853 1136 634
944 1020 1777
1722 956 1176
638 929 1653
1518 420 901
707 1430 1359
983 77 782
1025 622 1748
798 39 1037
1109 319 549
1767 1172 38
401 469 1058
530 191 15
58 1181 1296
1712 699 1716
613 1758 1498
324 1094 1927
1106 119 549
1207 1269 940
244 378 1259
1146 146 784
1184 899 1253
594 1430 1796
961 1840 977
609 1552 28
325 517 138
175 1194 1232
102 300 1351
651 1507 621
1591 104 1351
1203 1250 1497
339 786 749
1592 1380 531
1740 694 371
717 1303 276
1097 1981 1145
1235 156 339
468 259 992
171 1262 851
792 1206 955
144 761 557
1993 1100 1343
742 692 1076
1625 432 1770
1997 1501 1073
273 950 1406
1418 185 1563
110 1005 174
1102 1177 1788
1953 321 994
1261 817 1755
1818 811 855
1162 1905 1899
590 1531 683
360 1880 184
1785 505 1486
1192 1923 1672
1107 33 677
1633 1135 206
1421 1441 528
416 702 1345
523 520 508
1379 34 766
1630 624 649
314 1336 529
850 1122 1034
337 666 1309
361 125 1695
1390 1758 1182
1597 1531 623
477 299 1677
1822 823 198
683 554 584
1801 184 1209
450 498 545
1331 1701 19
717 38 1037
378 751 1162
73 141 1272
1256 1738 1156
231 215 1455
1909 390 278
459 1425 1184
1395 1226 1369
956 28 219
1502 1359 1920
1873 428 310
911 806 1061
425 1232 1555
50 840 1293
1558 1423 1861
1013 1684 603
1644 495 28
828 1891 1254
549 847 1634
1121 701 993
1393 575 1773
56 1838 931
1117 615 163
672 1017 1355
318 575 779
531 1941 463
1134 1585 959
1514 765 1202
768 1667 49
754 788 1103
99 181 30
1872 237 1868
803 1707 835
1319 731 1853
1026 1401 780
1805 1932 721
621 1066 658
1932 580 1776
1134 1700 1443
1535 454 231
638 553 764
668 777 1354
888 1933 1061
76 1604 144
1929 630 1546
1061 788 1478
1783 1761 897
793 1693 1829
569 1179 1530
12 1066 336
595 1705 1242
1360 725 371
714 1966 304
127 42 260
271 323 1243
1817 1384 31
1296 1519 1792
545 313 1837
374 882 1016
256 1247 82
945 1842 139
187 1554 1217
910 620 1183
1567 747 1225
1827 1371 1900
1070 1188 1284
1453 836 804
1597 1733 1469
1434 108 703
802 364 1950
1237 1309 145
1376 1848 51
945 759 672
480 326 1771
57 505 1142
1957 1928 683
1242 1381 1871
398 979 1605
1867 765 1713
570 1568 429
873 805 91
1018 533 1939
1421 1479 1050
93 311 1728
1865 369 234
1359 326 162
42 1920 1895
266 318 874
1871 537 1992
1936 1460 1560
717 333 365
808 1703 1250
1100 1124 1081
150 1570 1393
1879 1787 1762
465 1146 88
627 1541 9
874 1807 679
101 30 1217
93 318 677
1653 1035 1362
370 196 1417
1972 1296 893
1054 1798 463
447 1677 250
561 142 1749
649 1121 1642
1010 348 1801
1690 449 1831
1259 542 501
288 547 1888
1650 917 84
1419 889 1380
312 295 1179
1128 742 1208
1378 1655 1703
1479 305 1176
1121 1667 1524
922 1357 1973
1105 968 867
1958 1256 1414
1847 906 683
1931 677 1925
1664 990 220
1195 118 1315
403 1848 970
458 1328 1627
1987 801 1295
1511 76 1004
1837 1181 1973
1056 1140 1581
471 1339 840
1506 1270 1517
1783 1286 507
356 481 625
23 1237 826
1345 1695 506
973 34 1307
620 1546 1383
1976 1735 917
301 791 409
1883 1614 1748
723 1121 1018
240 1256 305
1100 1612 1138
77 1635 375
903 981 423
1409 306 457
1069 1278 355
452 1254 90
1369 1908 1234
1778 1791 848
1878 866 321
1249 1458 1578
1554 558 1542
1044 636 1178
1420 1891 159
195 1301 817
652 370 95
1008 1174 1349
1450 896 1257
684 1026 1400
1885 905 618
558 154 77
488 60 987
31 1104 1623
1209 876 1867
1720 1071 1520
537 76 1890
632 1436 1416
333 1238 312
1943 1923 1339
1695 160 244
314 718 750
743 1207 810
1730 1238 266
1706 799 1143
1573 519 566
1445 1408 642
1335 392 78
1103 725 1317
1416 1020 1592
755 716 104
1351 1382 822
101 125 381
1263 207 1971
1529 265 770
672 190 1641
1239 1635 1049
233 1322 1441
664 426 519
333 1842 1539
277 949 607
381 652 1989
1555 1105 466
1937 368 1026
260 249 1291
1031 922 1834
672 513 1469
74 1098 1144
1867 1762 1570
386 447 1764
1926 724 1065
885 1457 1717
875 1013 1174
1693 1302 1542
719 1562 143
363 945 1417
197 1970 1930
18 44 1381
1514 1911 1495
1084 650 1943
1200 928 1019
265 1813 477
334 1040 1490
1860 734 792
1754 1805 706
1898 168 1652
1315 717 1622
1598 1088 18
979 602 281
826 39 931
769 1591 1859
141 209 1673
618 543 713
460 756 1799
1252 510 1605
310 408 125
1962 76 843
1936 1674 283
306 1005 885
588 1831 1276
1519 953 868
1731 1094 1077
1756 1712 1972
469 172 728
