1500
539 1332 192
544 336 1224
1415 798 336
1419 128 1072
788 754 711
1843 541 354
1598 644 1257
120 1708 1564
1078 1355 1565
1450 1672 898
1288 564 230
1832 1460 566
1056 875 1717
1392 647 197
464 1435 952
1176 1630 1493
1882 1229 489
1492 1701 197
1056 1131 1904
621 933 1929
1520 222 493
102 54 1953
669 1463 1180
738 1207 1827
935 1672 1615
239 1200 1245
85 1434 826
574 1278 879
1124 335 362
1028 1308 1296
1309 828 1870
1802 1283 1924
107 304 1739
1288 1042 947
1467 329 971
1082 569 523
328 654 1957
1154 1228 1588
386 352 1923
748 1733 1231
44 1042 412
1914 1197 1695
191 1304 1999
1930 944 1393
1229 412 1722
200 1494 291
1075 174 945
1385 1681 526
973 67 1230
896 815 963
479 1212 358
891 1126 1907
938 1317 1211
937 1600 508
330 829 920
405 1382 766
696 457 941
1994 1842 974
520 815 1041
1750 63 208
1066 543 1420
1776 1434 899
1683 373 568
1246 1662 168
1754 345 1350
1026 750 1084
1793 1446 1893
1086 1440 1736
60 312 903
1453 415 967
13 1833 1862
1434 1609 1296
685 1292 21
1253 890 36
1774 645 381
1476 1671 1131
560 1816 929
805 902 722
893 1314 1034
1797 767 1801
1116 781 1634
978 567 1595
626 1252 1239
1000 857 130
1036 631 775
1417 107 798
900 1019 615
1829 177 1869
551 1070 1536
1938 867 303
91 335 1436
78 1665 355
1673 292 1607
913 1292 817
1395 328 1448
522 97 1908
1320 997 1279
287 1178 1456
509 82 527
45 372 1746
700 463 434
137 893 99
844 567 391
452 1832 35
1621 1579 715
1069 101 812
1329 1421 161
609 61 1692
417 570 1774
1296 615 498
1043 1667 961
1829 1804 207
1928 649 1126
672 1453 1310
707 1074 889
1775 495 990
939 1825 411
1101 786 824
793 1203 1394
919 500 361
1417 1895 29
730 1724 185
937 4 1186
415 676 639
1725 1736 65
614 1863 913
1604 802 738
368 1903 1876
1192 1048 1079
587 319 1931
1300 1736 1826
1329 819 1902
1515 108 1907
701 524 935
1693 249 1023
110 864 886
1023 820 1689
113 1188 1944
1989 381 1345
1421 1320 1664
1352 620 1753
1531 302 924
1785 169 1032
1692 1222 1556
980 1267 158
355 1378 1374
1242 753 546
1283 1219 1735
1227 1560 468
924 981 140
589 686 760
694 569 1414
1618 354 1583
650 399 806
559 1731 425
1069 86 1803
795 1328 909
1341 963 480
1428 543 40
1896 1467 1374
36 56 412
1149 1102 981
915 720 1687
499 1723 86
1657 634 1817
82 55 1904
238 850 1584
1499 191 900
1979 1620 1443
19 1868 910
1393 257 1319
157 1758 421
1138 673 1494
1178 1524 1217
1264 1181 203
1434 1616 258
1690 206 1108
1626 1705 1651
526 1684 1623
1969 1703 1492
1232 1449 1749
551 1606 1507
1324 1097 532
818 275 57
387 1891 1590
590 1325 1206
1200 1367 1412
308 994 1117
1960 1520 1153
1583 1842 857
1427 1074 658
1528 1977 616
1035 1653 65
1920 472 692
1977 1211 584
1567 154 261
1126 1354 1629
538 1663 623
8 1975 495
1161 1910 689
370 1338 115
1380 866 92
1997 254 1746
62 174 570
1107 503 133
1691 70 287
304 1196 1642
285 87 1657
1260 447 1632
1756 1960 1542
445 331 1232
561 1711 451
1005 60 705
1103 475 1231
25 1582 1734
159 1625 156
446 1929 1705
88 215 144
1745 1475 591
1729 1583 551
1624 381 1234
856 1294 1298
1307 299 1358
364 1755 1833
1947 1780 1415
1681 1939 1392
190 386 1322
1895 826 1889
39 924 1716
982 653 1652
1533 277 33
1120 1486 1327
418 1145 1978
1776 1510 1733
1962 1457 1866
1729 1491 1805
1122 1681 543
444 1928 1370
685 1967 294
753 949 947
405 834 1577
438 1954 1063
117 724 560
448 853 70
181 815 1880
47 544 1723
205 1666 1756
748 462 1684
470 1499 1651
764 253 952
64 658 1786
1993 1449 93
1408 1566 817
1968 14 1670
391 548 485
271 947 1382
346 1152 1400
102 253 1863
1786 723 1714
1789 1840 1967
741 256 978
879 249 427
972 1657 345
142 1977 360
1812 368 1260
650 991 207
384 1337 1712
1784 1439 317
1999 1577 1392
1714 1366 1232
1681 459 1840
1011 1339 89
1438 311 98
1784 453 428
496 618 796
1756 1620 1788
315 4 1125
379 1788 917
696 1788 494
89 1502 1861
1673 1535 320
1514 547 1659
1955 337 323
406 121 1128
834 969 98
1630 725 1718
1770 1393 1722
896 1772 1511
1813 821 1651
659 1262 1153
520 935 1040
1193 801 1939
1204 1109 277
1879 1515 750
1008 701 1720
1106 683 797
825 454 542
547 1702 315
410 1515 1488
61 174 750
1566 1047 1685
607 592 839
898 1796 1948
1175 28 1463
278 1036 516
350 494 1199
1147 1671 1653
1690 571 1355
357 1333 1222
1845 1395 1749
595 961 1148
632 1920 1740
1471 1171 1888
1419 698 1916
1234 976 1304
1750 1326 151
1302 826 1822
955 868 745
663 1577 79
237 1422 1826
1986 369 787
1134 1353 1060
1226 1177 583
1115 948 1281
1383 183 258
688 285 1936
839 1587 762
1013 895 1982
111 1910 1559
190 147 981
16 486 1702
1155 1620 1408
567 1199 585
1150 314 1533
432 49 68
1042 1089 706
978 280 645
93 1294 1540
75 1405 1802
1635 1947 1950
968 1963 436
1023 1470 408
431 38 1607
1368 1540 273
1253 1972 323
1322 1366 1412
380 697 1693
1025 790 1339
918 1217 1096
720 852 1043
670 173 1358
1458 1196 1180
1867 1979 1570
1826 1347 1111
100 952 1435
775 626 802
539 1006 1499
232 32 641
1923 1302 210
1371 22 1063
766 1045 1588
124 503 1136
1657 370 1115
1227 197 814
338 649 1766
1774 1424 393
928 1963 1399
779 548 1783
1772 823 1085
1982 195 1460
1397 961 505
985 1438 1008
121 1095 1731
1588 674 280
754 1013 929
521 1139 705
1266 419 1020
1017 1550 1920
1153 1322 744
238 1304 1291
50 1054 252
555 39 42
1916 513 1489
1647 453 164
279 1208 1529
1208 81 1020
265 1347 1439
1285 364 989
1206 1517 663
302 108 1967
1593 158 1373
1845 1066 1413
240 982 278
1729 981 731
245 1260 1939
126 820 20
1146 1437 1719
937 722 436
1926 280 305
941 582 413
1261 175 924
634 373 342
47 965 1676
677 694 657
1409 1292 269
1700 1418 1441
73 565 878
144 1854 1600
580 1781 233
886 1074 815
1651 335 1343
927 970 1716
1269 1369 681
945 47 1727
1954 1808 1371
223 1860 790
1664 285 1707
542 430 1561
495 1362 1694
728 248 769
1895 252 1104
1238 1179 74
1306 801 1796
1987 98 1843
67 53 1651
1438 628 1863
580 645 149
639 1539 931
201 386 293
247 1466 894
1368 1362 1146
473 952 677
899 259 1478
695 598 1929
890 665 1982
893 456 962
757 1036 1607
1258 1676 1499
189 229 1885
834 476 1352
1728 197 714
1226 670 1666
1904 1921 277
1734 969 876
15 1859 1893
1997 753 349
1312 1862 1738
919 1120 1766
770 1309 347
656 495 1175
8 224 1372
1074 1450 394
1092 1706 316
1370 1793 1637
598 1808 1496
491 158 601
1193 1470 463
1283 741 1935
1049 1512 1596
1396 168 92
571 528 316
296 1602 118
690 1046 177
1006 416 1970
643 1366 130
492 1858 288
1093 1403 110
1909 686 852
1844 87 716
1441 1483 1236
1885 406 1764
201 702 1366
671 1393 764
848 751 1181
1170 1747 547
1301 239 757
1589 1684 160
52 1593 1198
904 1790 1285
1620 1583 1120
856 1468 1879
972 21 581
690 692 326
1454 1893 1430
635 1063 1177
1535 716 1768
644 658 1452
805 710 1398
355 1614 1540
1641 1586 1475
761 794 943
640 1766 1316
1574 808 360
252 262 253
1682 1250 1669
1211 1137 385
979 1781 1043
784 938 1753
534 1294 1719
426 935 1657
1901 48 451
1196 1041 569
512 615 1377
872 867 1992
1478 902 1242
1147 113 379
1884 1445 512
928 581 1451
1033 1115 1097
753 1541 384
410 1794 432
1214 990 1473
135 1854 440
1865 1078 1308
1857 556 562
1451 55 1027
1830 1940 472
694 1220 1053
497 605 520
1594 1358 413
1978 121 207
411 1687 1549
236 1822 1403
677 1687 482
337 1544 1390
899 995 1446
1926 1177 1738
751 224 1310
156 721 1915
677 316 1626
1442 294 99
1650 1057 1786
1551 1294 1608
955 323 1648
1789 660 1544
1531 1911 540
977 189 69
1067 940 293
729 1097 1015
645 126 1683
271 1568 1977
722 1570 1387
508 1122 681
468 429 1356
116 570 16
1661 101 279
553 1431 468
974 498 1761
1620 1580 1210
987 225 1336
670 848 904
999 1570 827
386 430 1949
1419 898 730
775 1015 1300
1143 1028 1401
1422 1581 1184
243 907 35
4 527 1615
1214 1514 1840
902 184 1040
158 1184 962
985 1922 1392
1286 1342 290
16 117 1657
1668 1613 685
1422 1035 618
606 1630 1526
641 1634 53
256 1200 1920
448 102 104
1488 261 1640
802 1246 1563
194 533 1257
485 901 1726
494 570 1339
1180 1992 727
1798 598 357
1676 1592 1992
82 1848 1544
2 649 1647
458 489 1908
99 1292 1506
14 1486 391
1623 323 1293
1349 818 215
689 1998 559
1768 148 1157
125 177 749
469 259 950
14 261 1599
1661 1071 88
1921 1522 1732
1779 1536 1219
171 1511 1894
1816 861 712
383 1902 1062
942 1670 1563
451 1795 1740
1553 265 351
503 279 964
454 292 35
894 565 1558
627 344 1446
198 515 958
92 683 171
1157 1066 73
571 360 95
134 812 1890
226 365 507
577 1220 1138
1541 26 1782
1929 1272 347
1839 251 692
1285 449 1559
595 894 595
1118 403 13
1191 974 374
1638 1109 1186
1881 1687 1903
388 265 1475
1879 158 1853
1661 439 1125
9 278 1729
1053 1916 178
612 511 1424
1207 1982 1827
1221 1173 1154
1947 1164 263
1485 1045 302
1740 1433 567
1215 1664 1078
1420 1326 1517
897 1687 148
626 740 64
1157 1704 927
581 1264 909
761 837 435
1915 784 1599
530 269 644
832 361 429
1752 1928 94
1182 1348 1772
1051 245 1459
1199 1224 551
1615 381 607
895 1314 1871
156 427 1060
591 342 1844
542 1224 465
1538 409 1178
1968 513 1106
414 1695 454
538 746 1052
1997 298 276
900 265 657
1507 1160 1971
1731 1317 751
1143 260 1093
1340 1155 670
1805 693 1431
1336 1013 1944
442 1779 1991
897 317 737
301 666 1387
577 1566 1653
1586 1426 1165
1909 1509 482
660 652 1095
106 1992 250
1128 150 943
559 1486 309
855 1928 88
846 1177 406
1935 1830 1072
1323 407 991
1328 345 417
493 255 278
1328 1267 930
423 1373 1275
1025 853 1425
320 1412 911
629 267 1191
718 1465 721
1124 1401 551
548 1076 1311
1539 404 8
308 1249 263
586 929 1883
1869 1352 1608
1144 377 462
569 1050 1874
1832 1679 494
1375 397 1959
96 1873 1712
1000 774 788
663 313 1544
671 974 794
1287 1560 1723
1170 1429 1428
778 925 157
1240 1494 1207
1467 1678 1239
1961 1054 1988
272 1502 1862
1985 854 988
773 1517 1653
670 189 627
1816 1828 540
1891 998 321
1671 128 1247
1829 1721 1093
1388 1188 772
627 1501 178
616 125 1680
830 110 535
170 1236 404
1823 258 945
451 74 773
991 1965 123
1664 1637 252
911 1818 1973
5 1558 1513
1129 186 1366
1307 1154 1491
987 336 1954
1874 506 1542
279 329 1800
1224 1132 1874
350 475 191
473 140 1828
725 1051 1998
1050 1408 1557
915 537 95
633 1844 1601
125 1184 1937
431 1410 795
1973 1689 1124
1773 1266 609
1999 1616 1084
190 441 1224
371 1167 628
369 569 388
1926 1837 926
373 470 1122
1974 947 658
263 1378 69
1058 1351 110
535 1476 1728
1144 1475 1696
228 1666 138
1805 389 1657
785 758 226
1173 1037 415
451 1410 886
1926 1737 185
584 0 1564
1005 1411 1267
1468 1946 744
1196 1090 571
893 1670 589
1031 1827 978
688 612 89
1266 1786 1126
1682 589 888
920 515 625
1105 1452 978
1021 457 389
641 1925 335
1737 1474 1777
308 367 1799
1250 1750 1627
228 790 239
317 408 377
1795 442 967
684 1362 1482
1661 820 934
991 193 1744
1380 834 1669
67 571 1495
196 1232 214
1996 482 1964
1975 1062 1106
566 1732 1515
944 1527 1957
263 563 1672
1745 225 844
1032 1216 1037
776 949 224
797 1368 1147
645 1565 379
859 1913 1213
824 1888 628
282 454 360
1797 1750 239
107 13 803
1779 111 1380
975 1495 948
12 623 1897
588 1420 1266
1736 65 1183
467 1277 1096
33 453 1336
661 735 142
1373 533 1893
1612 992 258
767 771 369
499 1746 1864
1448 110 487
1697 1051 260
1315 1139 677
498 1606 1954
1946 1991 407
1282 1004 1495
1777 729 380
1670 694 1372
1928 1461 143
650 1961 241
866 1761 703
1706 1458 1754
318 1126 893
995 1976 852
1302 1923 843
61 1557 200
1556 1334 929
1936 1356 1623
1308 1285 1437
1803 287 1750
396 1153 1511
1100 1211 1321
854 1529 799
1748 877 776
952 179 699
147 592 256
347 501 1943
1629 437 1299
1604 98 936
1041 253 1575
1143 650 1081
1006 102 292
328 956 1822
1127 1056 699
255 8 1230
954 508 1822
1563 855 323
1858 484 1113
1157 89 1563
446 1482 168
21 626 1170
1102 1632 1272
1395 312 229
1569 1792 1637
620 47 1998
1850 1354 506
24 917 1713
700 775 550
165 284 991
80 730 473
248 1104 1451
1419 206 1436
1043 1953 1748
1624 1874 1892
1262 494 292
1612 696 1646
470 1073 915
183 1773 42
733 290 678
1724 370 1409
550 970 865
1 741 1071
1437 1785 1377
1538 1409 1251
1782 1023 98
426 635 794
72 1105 1867
1339 1289 1992
1733 374 282
412 451 652
173 1001 1975
1038 1002 716
461 792 501
1838 682 1911
1442 816 934
1540 1243 1922
686 1667 1027
554 1007 668
898 1092 1043
1181 1504 1494
185 29 847
160 1067 201
877 1881 1345
1730 1719 27
1993 1513 844
1280 1053 87
1202 92 106
581 646 1465
1602 1544 558
645 1077 414
491 1263 444
1690 1775 1863
1891 652 1744
1237 735 1816
1264 728 1329
460 360 735
899 1914 827
1006 496 1825
471 98 1721
1381 1095 1151
1796 1938 414
240 1628 189
455 1871 1194
200 1108 281
368 725 1361
49 1537 1722
1136 437 1636
315 1795 484
140 618 934
214 0 381
1365 1796 671
131 388 651
320 843 523
1866 1395 1631
147 1763 708
1509 1813 246
1583 949 1035
1219 1265 830
56 1757 1448
1342 323 1800
1724 40 1596
395 171 336
1047 844 1180
1570 710 575
1553 1210 339
614 1071 504
860 654 1805
1895 225 1070
1077 633 1180
877 1976 1503
678 1700 1896
626 447 67
963 1846 911
495 1416 1974
1070 1322 1536
1761 1936 607
617 1148 1613
423 1395 190
1845 472 824
1025 1701 800
881 379 852
777 1358 1299
1196 673 1146
460 1168 914
434 590 588
322 704 876
929 1321 24
894 1744 1771
1084 1590 243
260 967 1945
1412 1848 676
264 977 386
1916 174 1059
1414 634 579
680 1420 1170
1269 1742 1874
497 1023 1195
874 269 940
645 1353 882
1241 1966 1849
1186 1378 50
214 1643 1379
601 1911 1905
12 1325 539
592 5 311
1762 1626 405
1988 476 1780
1183 1350 49
475 347 1755
1709 1588 1721
1559 1126 1099
1961 1341 1094
1340 294 1005
1246 658 330
137 1250 688
801 1364 666
1206 1352 1142
987 888 844
1036 1363 1192
1143 1073 780
864 984 259
316 945 1952
1410 637 598
416 235 1256
1098 373 859
138 1174 223
805 732 1928
299 71 816
1496 1108 531
1040 251 1956
1820 1468 940
431 1784 237
383 1194 875
981 1962 1462
238 1413 1835
1097 1551 1361
1672 708 446
1600 1360 517
768 856 1977
1300 1896 581
1256 68 49
549 852 185
786 1235 1379
13 217 1694
1476 807 1107
1663 256 1010
1377 280 71
1823 233 1431
340 1001 639
318 301 887
899 1910 1307
1300 459 159
1485 1245 1747
1216 1611 1964
1262 1439 1123
721 1102 1731
1732 479 11
155 654 244
1938 995 1598
929 1665 1899
1816 916 1809
1475 568 620
1987 53 218
1734 1621 1829
50 884 1268
1173 1957 722
1256 1689 1554
1267 196 208
1864 134 1555
1462 1063 1220
1713 1231 488
1875 1059 1056
495 1046 1461
713 780 1083
542 830 319
162 355 276
1237 1963 318
791 1582 514
999 1446 1001
555 1260 64
127 974 1648
616 1201 707
24 1696 1753
1486 762 885
921 1656 67
1240 1819 774
1868 1056 737
538 199 319
1405 1198 118
406 105 1730
822 233 1056
470 1201 257
1529 1225 1954
1634 711 1068
519 1984 724
586 1224 543
1712 1445 1951
449 1983 150
1121 1388 1701
1239 146 1806
1321 969 391
378 1791 1944
635 1673 1170
941 1307 233
9 1827 218
734 765 1794
1629 478 1239
1581 1279 1575
83 400 1315
1784 1991 1462
1591 1313 783
334 1691 926
279 678 599
1449 1620 1907
34 1629 1734
604 715 851
399 345 1329
1990 1926 961
1565 9 1361
881 146 1705
695 1737 1018
1478 423 1061
404 702 1739
1004 503 1711
1263 890 1693
1349 1494 408
200 245 753
1882 236 1031
843 153 1393
204 1386 1539
261 81 1628
1279 1559 51
692 316 1106
784 1672 1609
495 935 499
188 284 1994
597 484 239
1702 718 827
734 1561 981
479 118 367
18 379 801
1998 1659 360
49 703 676
1507 1487 348
1117 1983 1635
1968 171 1919
1962 1120 756
554 823 1474
1733 1909 1036
1066 388 1154
1434 758 1533
235 756 1544
947 1157 600
1976 665 87
676 1782 422
312 1750 946
583 65 66
1339 971 1241
1166 704 1150
202 1771 1890
1708 1557 648
1593 144 1404
1138 1443 562
1738 1419 1227
177 96 1361
600 760 1463
1546 1343 1880
1964 1035 851
1558 201 1908
708 755 31
599 463 1588
1599 56 1732
1004 1546 1527
1918 1636 947
1497 1814 1395
858 766 155
673 312 1850
554 628 1237
1757 186 1438
1665 1247 193
1696 198 656
1636 1797 1065
1720 1153 611
1248 1071 248
195 568 62
1942 1778 1180
449 452 1844
299 1358 472
1537 1115 1011
1327 1133 258
1521 1181 808
529 818 605
1594 538 1759
558 1786 1182
806 333 1751
1220 275 1881
400 724 333
244 1376 43
1068 1265 1511
79 944 644
689 817 177
1497 1347 995
455 1293 1886
566 1851 24
1748 1009 358
1851 229 985
1733 981 62
418 1577 1790
462 646 1407
1973 1077 351
969 1767 1169
1146 1616 868
142 423 161
380 989 365
404 738 1726
1114 941 308
452 674 1289
514 1093 1219
656 1555 1865
63 1880 1294
766 849 1413
1935 347 1030
1155 841 1453
1669 1221 795
34 1626 1885
1760 740 826
420 1192 1501
1710 58 946
929 1066 853
1146 1129 733
792 1896 1934
206 183 281
1588 1339 1123
1393 1008 696
188 1394 322
73 1506 1415
1252 1927 959
1105 1989 1370
51 1270 436
904 768 1918
1989 1560 1814
1923 1766 349
556 1354 40
31 748 1048
728 1288 794
1402 1362 301
1169 614 580
129 71 569
1851 122 191
287 1026 959
205 1367 519
371 1290 638
1073 198 1992
1113 230 1092
514 1310 381
1660 712 95
313 234 1061
893 715 1132
1814 566 1254
5 1205 632
964 1763 1999
1836 486 1641
474 1559 191
818 1025 421
263 1539 83
644 1199 1148
739 1513 1382
1800 758 97
1284 573 663
538 930 1868
1522 247 1983
1521 83 470
1514 909 29
1705 79 1054
479 342 945
914 1338 497
62 77 362
1444 229 1472
1893 1865 45
556 403 1328
777 277 1575
760 1798 10
1230 1664 1271
1612 1722 1350
1018 553 45
316 1467 1383
813 1530 1813
1527 1326 394
999 1220 260
1397 128 663
1077 905 941
652 18 1091
1014 1600 1108
285 1564 830
1987 583 1383
384 899 1202
1768 64 732
1581 1943 59
327 1294 1631
587 1043 1759
1603 120 1017
544 1124 1387
1987 138 987
1447 775 904
629 1115 1487
12 1499 738
1215 1267 1154
299 1200 1449
710 1528 743
341 467 1787
101 70 1907
1470 966 1032
857 954 1522
196 753 298
1100 1383 1413
939 1747 1264
1677 962 884
1183 1614 436
632 324 316
1376 666 784
1515 1119 854
1422 589 1821
806 1798 1127
681 1994 1880
979 1095 1615
744 34 1363
8 64 677
1244 1247 291
1681 232 616
1997 1608 1634
781 1123 1105
1988 897 46
1809 56 196
1288 737 190
1520 68 1285
1136 1164 1672
499 1524 1736
1176 769 1335
1468 450 1567
436 799 1527
422 1581 1002
1879 1921 252
277 82 308
473 1370 1397
663 1242 1817
301 378 981
1973 877 857
61 406 1626
1748 226 428
1316 1014 1228
843 1436 1161
1846 1667 1082
98 1944 1164
758 417 886
507 1432 128
324 85 859
1657 410 1736
514 471 494
493 572 720
1273 1888 86
501 1083 1522
14 1281 1541
1448 1731 1837
964 489 606
202 1348 39
331 1672 124
1190 1681 887
1278 548 1358
125 1041 1930
1197 314 170
1284 1168 1254
1158 1534 887
700 1335 619
537 299 1108
1496 854 457
1535 1537 481
11 1079 163
898 709 1063
609 834 104
891 32 770
1414 1668 290
1020 826 177
1907 1878 1512
526 416 163
1635 1912 1017
444 1799 554
1277 162 1985
1792 1413 695
855 22 1529
1311 1265 1913
434 679 1581
724 1699 760
1253 1959 638
765 485 1406
1281 472 1318
298 916 1469
1205 546 1984
1190 338 1397
237 1194 1771
1767 505 1036
32 939 68
1966 16 119
726 1269 78
1364 387 564
1123 1668 1036
793 318 305
263 1875 851
247 1066 1541
1644 1303 735
1415 1422 1593
803 1807 884
871 125 1252
1343 851 522
1421 567 1261
337 1690 929
1726 484 1247
31 1099 1123
1234 1698 541
775 1694 196
1863 1461 1971
1456 264 130
692 1488 255
1945 831 1458
819 604 377
80 942 420
1009 668 1256
608 1051 355
83 285 405
976 1412 99
1525 1275 1560
1848 1083 176
1978 1776 1664
585 1721 847
43 540 1452
772 972 394
1192 1981 1414
448 941 465
1155 1377 1102
1912 705 514
11 230 142
1923 78 1225
100 408 1001
1764 993 1074
612 1388 1966
416 161 938
1162 1705 1271
576 154 565
1041 1661 1942
495 1574 647
1361 1937 1230
1503 1861 1660
1081 1961 69
82 77 1414
1509 1041 803
1475 1457 1316
414 619 1021
37 1547 1527
602 940 1541
544 1435 1115
1544 797 1404
1126 300 1265
786 1381 1578
1207 1816 8
974 1677 1049
129 1504 859
1445 270 1830
818 308 1378
346 910 318
1887 1807 106
1354 1703 903
1110 829 1555
728 1967 1289
306 1175 1457
314 149 1134
1716 630 638
575 75 909
757 893 1569
135 1591 479
806 1830 286
912 1536 341
1815 647 1170
1722 1375 1138
1011 33 665
468 348 1166
1954 416 1796
945 991 223
206 100 1468
1775 236 1060
254 1394 1242
893 306 779
1586 473 1778
757 547 1505
247 1559 1538
1264 379 238
782 686 654
930 1631 1997
1153 189 98
621 1964 686
33 570 80
1276 1815 738
407 1402 1563
537 511 110
42 758 21
1580 374 753
171 1156 1439
825 438 1422
823 1591 1611
1273 564 1927
1959 598 497
391 226 665
1129 985 67
1044 1522 578
1154 1916 1688
1528 1848 414
281 19 1922
1720 1197 360
1494 372 303
1105 1645 867
1384 1956 1817
1881 347 395
546 1828 1380
965 872 1254
1895 378 1522
1935 1906 1371
349 539 1742
623 259 1291
983 105 1663
1286 1562 1660
154 946 1616
323 828 1963
719 1726 143
451 1044 1367
