2000
1913 1246 812
633 171 373
1806 1838 1106
1568 305 1026
937 122 380
274 1772 805
1254 578 862
590 1314 1600
1215 1578 347
955 802 339
242 1067 1937
1406 1700 109
1779 1858 1947
885 1426 252
263 715 374
644 989 499
1801 596 1429
1015 1538 743
615 1105 673
962 61 1827
1301 655 894
1239 61 946
1700 1840 805
1999 1078 583
603 1341 1651
1330 337 640
181 490 1588
1610 1505 1478
353 120 584
1378 1434 997
1205 1088 1652
99 679 1713
1045 379 1905
202 378 1335
786 1333 677
789 663 1366
1429 844 209
1370 454 1714
848 1159 187
1432 537 1621
429 1742 709
433 193 1388
498 1591 119
404 1793 849
1739 931 183
768 1720 846
487 1502 1691
696 872 497
410 1720 1657
597 1505 546
571 286 641
1632 720 834
1021 1218 425
1492 1974 219
342 66 1502
877 834 1223
1723 1673 1077
1766 369 1949
616 1132 21
273 81 1878
1171 652 165
1812 285 1237
999 1658 807
1424 1502 782
1995 1844 848
1850 721 34
1073 797 1708
502 915 429
451 1531 1561
824 156 1643
703 1328 647
868 1492 1284
457 491 942
1264 1916 445
398 263 641
1598 113 1715
1985 1538 864
1693 40 1779
474 843 1311
36 1668 1467
31 371 1147
678 1591 640
1963 48 1131
1257 1664 1399
54 63 15
1048 13 128
763 1998 19
1979 43 59
1758 518 903
1421 554 571
889 937 942
388 1615 885
1028 1930 933
512 1188 949
1911 1242 1364
278 290 1378
407 1405 1728
426 1384 1772
837 1495 290
1740 916 1196
663 157 485
1605 546 100
842 1926 383
1775 438 1571
725 702 1165
441 980 1808
1819 1739 1213
1548 517 950
1672 1355 797
314 1095 65
1862 1759 575
347 1716 1473
799 559 1399
1182 686 190
1105 1763 1244
271 205 576
79 376 316
1644 1924 833
946 1596 188
95 262 1636
161 124 1747
736 471 1815
209 1271 726
1960 453 1413
502 1559 1528
1746 182 1733
323 613 462
991 257 386
1824 1556 335
365 1651 597
1 1812 722
100 900 1545
1915 1461 816
642 1774 1622
407 276 1533
1935 23 1715
21 698 328
483 1689 937
1221 1865 493
1908 230 497
858 583 661
1932 1035 1914
1477 951 1375
646 1593 1149
268 0 1778
153 287 1801
1868 308 851
548 1143 892
1485 365 757
331 625 1340
1180 1483 275
1841 1415 1311
1755 1245 262
1483 1891 207
632 511 559
410 664 1198
563 532 1859
1766 1432 1002
658 1269 1719
1416 1600 345
756 780 180
1383 974 1596
694 1081 841
1308 564 1084
1867 1549 1595
426 1959 259
1977 875 1143
1836 641 575
838 1300 1844
910 1068 1797
1255 176 929
1435 1559 255
1383 606 1337
576 1914 1901
1660 1782 1450
1607 560 1762
1866 537 989
1361 373 1630
288 1564 1282
485 474 350
634 81 878
1563 1868 438
1819 1252 1044
1508 180 1310
1409 1841 1092
860 1800 5
974 1667 894
1963 1380 1620
1945 1669 1184
1228 506 10
1930 1140 91
809 1055 1959
1599 1226 1211
643 734 1744
1953 144 1585
1398 1356 1385
1755 330 1404
649 645 1137
621 590 1158
1805 170 1664
167 453 1156
258 1262 211
218 1213 1438
1781 1856 172
1525 161 668
1462 1911 24
1200 1666 706
956 668 1703
93 1289 294
1251 1447 816
1267 1614 1269
423 225 883
635 795 96
425 928 304
597 806 818
1266 268 729
1642 1820 748
701 777 1768
404 1222 1057
1050 826 856
1867 93 823
1136 869 1048
372 1856 195
820 281 1123
1125 1230 1929
1943 848 550
1024 491 370
1772 1544 1499
1892 1948 722
950 999 1900
158 1218 345
1333 706 1214
381 1078 1422
576 251 1703
52 1376 934
1981 1671 134
531 1047 977
1254 1172 521
753 1064 822
1827 366 173
79 525 1391
425 1858 97
1991 592 1528
1414 1520 1779
1469 1572 1507
755 1906 1530
890 789 577
1867 43 1749
741 1149 1166
1563 1328 1532
1736 1408 409
1479 185 620
1576 528 1212
1456 1942 1084
1587 1764 657
1094 519 915
976 1761 1704
1554 1629 100
1655 370 1249
821 285 929
706 21 337
1115 1500 874
1735 1428 1403
1299 1237 1697
384 824 1461
1393 271 333
308 1247 94
364 1153 75
464 809 445
1713 1982 730
643 688 1103
1332 156 955
559 243 384
1962 1543 1621
1659 1927 797
1473 1672 1068
158 332 316
252 696 1469
328 1161 630
1125 1226 965
208 221 5
1311 1906 161
267 465 405
1003 427 300
976 438 579
1773 263 251
1194 421 583
1510 674 1279
1331 1354 792
314 479 19
1279 687 592
1284 351 498
1798 618 963
555 1973 1742
855 949 533
1434 722 796
1685 268 1570
620 130 244
1899 1462 1950
1044 128 429
1415 1759 1469
7 1395 1820
506 1193 790
1821 1748 763
1564 955 1712
97 389 786
1245 426 1055
815 1046 1185
1411 1298 999
1361 342 1479
1791 1757 1238
1612 1764 634
1432 622 179
222 444 280
1337 360 1235
1401 809 1977
187 54 403
1594 870 1450
1132 281 748
483 1995 1442
315 1786 1199
1553 1750 1315
539 1182 290
1071 1756 1086
1703 1445 1446
938 846 255
915 1385 661
1671 1332 1531
1121 464 165
221 1299 160
15 1614 298
1214 1520 48
881 411 1582
1171 1834 1690
257 1537 1135
55 476 1981
662 1743 1718
1324 1414 1050
855 887 1866
1372 1460 1166
1532 1475 1132
182 1041 1004
582 1923 1416
164 1446 1602
206 56 1140
1341 111 1968
1674 1126 63
1393 450 1478
443 1657 717
310 1030 178
1828 914 1653
1312 1097 695
317 31 970
85 548 416
1687 754 824
1179 448 936
1147 122 62
1211 1867 864
1041 663 521
1758 1325 1551
288 1153 818
1942 465 267
989 1134 298
1959 1219 846
375 1259 1953
1200 438 401
488 1938 523
902 1149 743
1766 542 1406
639 652 731
543 941 236
1361 883 1053
1628 1872 188
278 1831 1759
1477 558 1018
1430 110 1457
1831 950 1395
706 1852 896
1449 1970 1438
855 962 442
1586 1505 1383
1822 866 266
876 846 490
1416 1476 673
1175 953 1584
194 383 1694
3 214 645
1750 921 849
646 370 1172
436 1226 134
878 1164 1639
614 1339 857
880 567 55
1723 1983 1531
748 1158 485
332 1352 868
379 1707 1435
1376 1457 356
225 455 1078
1749 1243 656
1883 122 1821
1874 736 1512
1083 1968 79
1138 43 62
670 792 1220
1507 1476 925
375 1855 632
162 1583 442
518 1809 897
1949 1910 141
605 1794 615
778 20 1703
290 1104 23
369 242 67
783 1264 1211
356 771 1039
1633 1499 1247
617 1661 830
1059 532 991
1957 481 902
450 1438 1048
1065 217 1068
768 859 524
1143 1581 767
1562 364 383
1125 1072 1155
165 705 1006
1412 1323 667
594 382 1551
1586 691 384
488 1141 1823
1536 558 392
956 1678 1603
1481 822 1184
600 384 1901
983 1862 973
490 27 31
1496 1791 1354
516 385 88
419 1971 1132
804 811 273
979 347 1184
1723 1304 862
1326 1137 36
511 1737 773
764 720 635
89 1563 1014
120 1059 805
1474 1927 1542
1915 347 1866
1047 1503 677
1672 834 1025
1208 557 681
71 1883 170
459 746 1907
1584 1862 979
219 1952 542
1585 72 1954
742 1899 233
285 1814 580
151 1213 435
828 885 1269
205 94 1826
1238 517 62
1408 1328 1160
1667 913 1023
647 1484 975
1541 1070 1047
1495 1812 946
81 97 1112
661 600 325
1449 1781 1563
718 1986 9
897 1577 526
1311 985 206
823 653 1119
1846 1652 604
1173 1193 1674
573 1041 1486
1519 1122 1936
984 135 888
1661 1936 669
1224 1007 656
1233 256 585
111 1567 1570
318 390 575
1789 589 579
393 1762 125
419 335 1166
258 207 640
194 1543 1127
1082 1204 1064
1752 781 71
760 14 327
1345 478 246
1267 1148 988
195 937 1929
774 1683 1692
899 102 379
417 360 938
1409 906 481
537 1989 1686
1953 93 819
376 1205 833
703 902 1663
1301 169 1163
641 716 101
571 1843 1784
615 1094 238
1346 1864 599
285 1273 1505
1118 162 1846
1156 115 1939
1975 491 1496
1161 1546 398
824 1199 920
1988 1841 1988
441 764 1831
577 1379 926
815 725 790
1414 1362 415
1272 481 578
1118 1637 1045
1410 1965 1537
906 1126 1435
1657 1950 987
577 290 828
565 1083 1944
749 1660 1323
1675 476 400
817 242 115
1232 1514 596
162 633 585
1208 43 902
1097 1301 28
884 958 331
1871 1887 973
1051 805 57
995 1554 1717
670 1581 193
1423 750 788
1538 334 302
486 497 935
1423 57 1330
326 1506 984
354 390 1942
1037 614 182
11 1665 987
68 1013 893
1785 35 826
331 1458 1576
1119 1348 1910
1421 1834 759
709 1610 816
391 1936 322
1375 642 1065
1670 1680 1679
1852 43 1696
1191 111 709
84 248 745
1262 931 555
838 50 1904
1100 1824 90
1860 885 1700
1028 1276 1636
1351 1004 631
768 674 663
447 878 706
143 69 1169
1205 505 1417
302 1767 701
1209 605 751
1113 1705 927
1204 1917 164
1256 946 1793
1245 649 797
1876 1417 1823
891 216 701
1597 359 1122
766 1916 1627
535 570 1394
1236 1780 351
340 893 408
1619 449 678
1784 58 1624
1577 1303 273
726 1531 42
549 422 258
1602 371 969
724 1137 886
703 24 1456
449 1613 1588
800 305 482
1560 1924 1283
590 60 1341
214 1989 644
839 715 527
881 1616 949
1491 1570 1320
461 294 809
1699 997 1186
1507 1446 799
1096 598 1104
1930 511 1380
1213 1101 1441
907 1668 1430
1903 859 498
431 1741 114
1380 1584 1685
701 397 331
1862 448 1681
1048 1956 1479
199 1404 430
1303 1334 941
1036 899 394
477 1806 414
259 62 1274
757 493 1367
1224 1873 951
1261 926 1349
1592 1141 1797
1625 189 105
1105 389 1861
1535 44 1195
828 1080 447
1574 1909 605
1989 169 667
1263 1278 1160
630 854 1386
1933 115 664
1634 60 1805
1784 1685 1995
241 1142 736
103 1029 780
1298 209 213
97 1784 122
703 125 643
1722 1388 274
1235 370 1128
621 655 1244
1285 290 1656
1443 426 1693
1790 667 1188
526 770 217
1306 421 427
1871 518 211
1994 1573 688
989 1296 76
1263 531 798
392 1504 1805
1988 1141 95
1996 584 521
1689 374 1189
877 900 311
1447 559 732
1874 430 1251
437 776 1176
1125 1766 824
1553 1381 1355
703 1773 1211
508 113 353
956 109 1289
1829 151 16
1370 1028 1268
1682 475 1827
414 701 610
17 1138 1738
1194 615 1856
370 168 1238
78 1223 1363
1289 1732 1829
1994 688 1938
1284 517 441
1300 1888 1470
920 1922 297
748 336 999
1710 706 489
1800 252 1457
9 622 1625
1599 700 1201
1314 342 933
1143 336 1973
1434 1972 842
1875 1624 1082
1697 545 1004
347 1645 1693
1698 1707 399
187 1507 1003
1644 1868 1625
1622 1467 326
823 782 1020
108 277 1356
81 1711 1329
1275 1939 1305
358 1636 1850
1714 1983 1495
1407 1681 1202
158 221 1062
1161 217 930
1139 1839 750
1817 1014 1884
837 1474 161
193 1907 225
1874 1183 164
1180 1893 152
1030 1607 488
878 1367 521
432 1525 1094
1494 1039 1312
777 178 1503
1527 1995 518
1763 832 1992
1924 1025 252
149 1252 1435
665 432 1328
818 1814 1287
1658 692 654
179 1125 532
1274 971 1571
938 1748 1749
441 1627 96
1311 1390 928
1656 1667 305
1908 1816 1557
1343 834 341
1023 4 156
310 1662 1200
965 193 325
1497 1467 1297
1420 405 1397
1169 1199 1025
1617 510 767
545 166 434
1202 426 603
1112 1769 1437
1453 1144 1441
1961 1455 1455
1162 772 1648
1487 269 1116
1136 1689 1873
534 1210 1072
1559 827 1935
678 1724 453
1113 926 880
68 390 1001
1505 1844 146
1298 1805 1601
753 1319 373
401 807 994
1869 1943 1035
95 829 597
1519 388 1776
1454 1419 1500
1908 532 778
1140 600 1169
141 457 1365
287 1755 1522
240 508 842
613 1261 1
1959 1131 296
994 1226 1126
1943 745 1514
1719 552 933
1571 460 1817
702 1600 769
1871 93 1226
1588 381 1333
1110 621 193
304 1587 1455
305 1546 938
602 893 164
1728 1188 1261
1594 908 1813
880 831 625
1049 1533 577
1819 1756 671
1397 1344 1052
1083 807 25
1276 1111 1964
1083 1417 1863
21 19 756
537 99 296
151 1693 1204
1964 573 36
590 1623 1921
1167 1794 1678
190 1543 1022
1594 626 1829
1620 255 1293
1936 1338 710
1799 1712 1081
907 601 1180
1204 752 873
760 1069 1799
796 1659 1774
718 1178 1920
748 1721 1463
122 1315 442
304 1287 697
1597 1224 387
307 1023 451
1740 283 1053
920 1487 157
145 247 1226
296 1396 1237
70 466 416
342 1214 489
1806 1336 1804
248 1640 1092
1297 1589 668
36 1896 43
488 1636 326
1893 908 165
50 1054 765
1629 1350 513
866 1773 979
1634 115 545
123 273 233
1928 873 226
1372 170 1815
40 207 64
83 1047 52
410 940 1313
927 990 367
1692 619 69
205 1838 194
1536 1472 662
433 1596 935
667 1876 1809
1245 1248 331
1412 1288 890
1828 1723 1937
1881 485 877
1194 1413 220
1913 1457 1191
334 1663 1029
881 1551 502
1543 1985 450
478 1004 326
639 249 1926
1323 1661 1214
213 1490 1289
151 1723 1775
1028 1269 1540
1600 1534 997
792 1868 660
1821 749 564
675 644 549
1477 1475 1553
155 114 1802
81 1789 1815
1647 3 1657
937 506 1380
712 1886 1001
604 1487 535
1601 279 404
614 452 1505
1178 1480 502
1727 957 1977
1280 1113 443
1434 1194 233
1249 1194 588
1259 131 1094
639 1195 980
1641 1799 467
528 1400 1098
932 14 1903
790 1192 1383
1292 1271 692
1269 551 157
64 337 1704
297 1939 898
885 1198 1381
1979 189 576
1312 1830 727
1779 359 127
1230 1643 494
1133 785 38
868 429 1310
1912 50 213
70 115 903
1774 412 842
1024 1650 40
405 1981 229
1333 1293 412
60 1425 1123
539 1007 1118
1385 140 1904
1776 1360 685
1438 1272 736
3 1342 851
906 1468 1615
1748 844 1617
140 1601 1599
722 934 1244
1486 1346 669
609 238 1676
1727 1623 168
1983 1399 1528
669 837 1153
1757 841 847
608 99 668
575 200 1512
193 692 1114
144 1414 400
1388 1252 1747
410 1861 1985
438 1941 1960
607 276 1360
487 1297 549
1640 1054 1742
488 1662 194
1156 590 394
1020 783 1086
486 927 853
887 667 105
986 1077 319
971 1516 260
1283 475 888
995 962 186
1545 955 1240
1639 1795 1255
1833 1303 1845
579 323 628
1666 810 1907
519 49 574
976 1035 4
1295 358 1520
1907 1641 1995
796 637 1309
982 534 264
574 173 411
1829 359 1714
1674 938 390
654 956 1200
913 1475 1601
1840 804 636
1844 99 994
1716 7 635
1711 803 1272
1372 137 1806
1989 711 332
400 541 1043
467 567 1981
857 1222 1290
409 487 765
10 327 1569
646 171 21
1992 1887 28
627 1950 1183
252 1675 1320
410 16 31
1094 416 924
137 1235 1492
471 92 1066
1761 853 1553
878 863 233
800 1861 404
821 205 644
1201 1185 946
384 1789 973
1704 199 989
87 1646 1758
1012 1783 993
856 606 1438
1922 719 291
1475 1598 1507
1708 750 1720
465 1923 1926
1461 1124 1111
759 1860 900
1733 1564 1451
1074 3 1097
832 1015 1233
1826 1871 191
1264 145 911
1907 1621 861
1414 1681 1963
1135 498 1886
1413 311 1362
876 1423 1222
128 1156 786
1931 230 1141
1381 1415 157
614 1593 380
1157 857 526
420 1116 499
1281 531 532
1244 18 1383
1482 1783 1694
844 659 1117
66 1139 625
1204 1070 1208
346 451 623
855 1417 216
1235 575 1425
113 1347 893
612 629 1776
1497 225 146
880 60 1929
926 904 940
44 1323 79
1021 527 1502
581 873 1953
1204 80 1371
1772 1316 298
1549 1781 1645
443 394 626
219 243 1204
366 1123 1264
647 49 520
1588 445 1843
19 1467 371
1521 48 1596
1827 1605 1677
1550 1729 1345
1848 1631 1126
1845 74 1872
824 645 115
380 1363 1590
1644 11 1640
516 1951 437
360 1970 1904
1083 1844 305
679 1671 262
708 1573 1991
405 1773 1622
1884 1618 48
108 794 694
224 1174 57
166 1170 420
1806 1687 371
244 47 694
500 1130 538
1157 161 561
1419 1222 134
1411 1627 259
1385 1511 229
1786 1620 1024
480 196 550
889 362 1721
1662 521 1408
33 1117 1807
727 1969 1289
1617 1127 1802
530 546 1024
1016 309 652
1275 47 515
1505 1833 487
529 665 683
1079 1906 1398
1152 1568 271
560 1602 1388
719 681 1709
360 299 836
163 1181 1735
1187 198 44
1839 1473 443
707 978 276
1194 1859 941
1878 1291 1200
1628 443 768
1899 1356 722
1639 427 1756
1348 788 407
185 951 1588
1920 138 1786
316 330 1612
760 1037 942
1036 231 802
330 461 445
1882 89 888
650 340 596
1725 1979 1024
1481 1328 1812
1888 1865 763
1476 137 1253
1615 453 1583
1227 1213 972
169 602 1204
1323 1284 1665
1768 1166 107
1009 168 447
1605 1893 779
629 1726 107
793 1966 324
1556 1443 461
1162 1410 914
745 989 480
1718 1158 1082
1274 834 718
1291 602 1884
1398 1611 404
198 1217 650
977 198 376
1436 992 343
1760 900 138
221 62 1900
1487 1160 889
1967 1230 399
1401 504 1233
119 147 188
355 1898 1799
1112 96 1368
1762 1425 1567
490 861 911
1185 973 1811
1323 1194 226
1575 1033 1386
464 1001 968
1216 754 1824
449 874 1971
637 1581 1869
789 693 1965
157 455 1390
76 1298 603
1339 483 1576
1503 159 1122
1729 1734 156
1467 551 1157
787 1767 263
611 568 1137
582 1206 1071
452 347 1764
769 856 572
512 1285 1870
1467 624 705
1044 127 864
166 208 951
674 27 1502
183 814 1621
447 1425 189
1584 8 1747
1007 812 94
1124 1581 951
1696 445 236
1918 1913 1212
975 957 1340
1840 1475 1900
791 150 1928
645 685 742
266 1132 168
807 1069 176
555 76 1340
649 1200 1273
1952 1248 1719
540 1518 1632
1753 494 941
1445 334 768
1345 1477 1270
1273 474 1956
16 740 1088
184 1899 509
712 454 586
404 1456 1786
1677 1408 1387
1396 301 905
1380 406 1399
673 1851 85
1794 1548 1562
1416 822 388
1372 1190 1480
813 1726 1380
1322 790 1834
260 1194 1290
399 871 1051
1786 620 1704
691 352 110
443 1378 1961
528 1172 1509
443 588 683
831 313 1873
312 1478 1599
1692 800 389
1878 1413 1935
1521 1812 807
572 1950 1779
276 993 483
738 1436 1861
1051 317 1033
912 760 1974
1596 1943 287
1821 255 1765
1421 299 917
162 530 682
450 51 494
1609 975 796
1388 1251 1790
1871 341 1578
1733 1392 1895
1118 304 655
1092 1900 951
1731 1722 1206
1496 1495 1858
766 9 388
1448 459 791
295 420 1766
1091 1808 1017
1233 32 1710
812 117 1102
707 1235 1406
1715 680 1659
666 411 1733
224 260 1228
434 1378 1589
1174 826 401
1965 1121 821
1731 565 982
1100 1798 1014
810 962 1131
1912 22 718
1671 89 1750
1330 755 162
1063 1331 774
643 1766 152
584 1292 978
985 1258 452
159 989 1369
1141 90 1519
507 1252 482
1990 1165 504
708 836 593
811 518 1700
973 1581 1383
1747 224 1501
251 808 794
1229 146 52
33 305 1393
1402 1798 1483
1274 305 1088
1756 295 253
612 1355 1441
1557 166 1959
1609 1491 1892
992 1590 468
494 1841 1276
1640 1423 1774
1692 1808 79
1085 1563 229
921 837 534
9 593 1181
614 1557 537
407 1114 1055
718 1075 547
610 67 137
1078 913 331
706 553 1754
481 597 1562
912 1683 1125
1142 956 314
28 1317 1259
1210 1931 816
1747 690 282
1154 1408 1357
1701 18 1777
191 1448 690
874 154 1244
628 987 193
542 252 1876
20 1394 1184
334 1422 501
1594 632 784
762 731 1474
1045 1886 1234
754 1939 1604
531 482 1052
1222 1356 1559
818 336 546
1011 879 798
1240 1251 544
776 1937 319
1278 1883 1303
414 646 35
241 1691 273
1475 797 564
1080 1329 1047
484 903 755
43 1721 1092
942 1084 1971
92 676 1574
637 1453 1511
956 731 1395
611 1497 393
646 1738 436
1271 1566 1233
188 998 562
1235 1482 1465
1990 1878 1538
1434 820 623
1757 1264 1299
1331 1901 752
1195 1209 1835
942 1821 1685
1335 819 1423
1771 443 1341
1004 631 339
1567 218 174
1032 560 404
923 1995 1224
1546 104 840
1197 1436 1094
302 983 303
489 1925 476
174 1260 1648
1950 1031 443
1291 35 1074
1983 1954 1644
157 1339 556
561 262 903
137 1808 1008
977 1357 796
71 1659 1779
727 149 1704
1555 323 964
1203 273 347
1646 1917 734
1072 1900 689
1068 409 28
1977 1322 642
1232 1811 802
240 1140 159
1388 1564 1819
1167 291 320
1223 198 643
539 1754 1269
886 1752 1538
1621 825 1438
662 245 199
1042 574 1873
1684 1807 1684
486 399 824
997 1788 388
1168 1307 1031
1488 531 1230
484 1422 984
105 309 736
1643 282 1913
1433 1296 511
1632 338 1085
1505 374 892
1541 860 1292
365 209 1080
754 1378 739
137 866 1270
1367 1702 1045
703 1807 1354
1792 1450 1988
1705 883 1284
568 867 1974
1654 724 348
546 265 1560
190 983 1769
1622 89 1499
362 226 366
1984 1946 420
1029 649 228
735 793 30
723 851 914
359 1419 133
333 1073 1210
1033 1972 1827
593 162 810
363 137 899
1862 499 1126
580 483 1424
1001 1513 73
1581 600 1219
1611 1324 70
877 35 1489
1363 721 915
573 1754 887
400 348 1401
1563 1063 1538
462 1277 37
1940 210 873
1364 1563 738
1790 1496 1338
1009 1107 1014
1079 1985 1050
920 1348 123
1835 273 1877
722 1025 577
476 588 1992
366 1051 1622
756 1343 184
1629 1060 1747
719 850 1243
57 211 702
1072 1642 1039
474 562 739
597 750 1012
474 1824 38
1404 300 626
1396 667 29
1018 1775 1373
1202 1404 433
1301 123 1635
896 532 198
1599 1604 1840
990 78 754
1730 1027 1504
742 1502 1681
1132 1258 1981
111 654 1000
140 25 775
1865 1579 531
298 881 1006
285 129 1891
483 80 1495
675 1071 1926
1782 801 953
1638 1895 807
1319 1380 65
1653 1491 1072
653 1631 1097
1781 1497 1028
664 147 261
23 785 391
1914 1620 471
1761 296 1894
1687 430 1047
993 68 943
152 1740 323
570 1393 166
1642 398 1797
1091 531 1646
119 1196 1794
381 1571 931
1124 1485 551
1947 1246 1199
1842 1286 1629
889 631 50
184 783 1790
859 1705 1183
1025 1347 1933
1175 790 465
821 1262 13
967 1995 1584
1898 1119 1069
450 1418 667
1649 1260 1953
1631 502 936
1681 686 72
1471 1546 1777
1006 923 1477
1291 98 267
1756 920 1881
1769 239 1876
1353 138 1347
774 940 766
1442 941 26
1747 572 528
684 605 1567
756 428 1465
533 1434 388
10 726 487
630 834 1759
511 604 1998
388 309 488
87 1084 1780
853 526 722
880 273 1646
1760 1309 252
1679 65 680
1144 951 467
1533 961 1545
20 1943 379
131 455 1335
129 1195 1645
970 1282 1081
750 136 1607
1824 1368 232
1471 1480 1894
1723 1160 1959
755 304 910
1222 1837 224
1119 209 167
1499 692 974
1186 822 169
1183 144 1804
264 894 292
1871 719 1660
456 542 1140
350 265 652
661 1372 957
1924 947 1146
500 66 1708
1019 1917 400
346 1456 1574
867 639 1718
671 904 965
963 1127 1684
975 1583 578
116 285 843
1120 1299 567
77 1575 1514
1576 427 1933
1284 1446 202
1684 1792 1658
1611 660 298
1329 1683 1202
294 647 329
330 1974 265
908 442 902
103 1563 553
1023 1640 128
889 1216 555
822 500 354
1025 537 498
1035 148 1510
1333 1829 1194
535 476 193
1217 1158 167
1482 419 610
384 522 173
1290 1897 165
1418 787 1734
326 1961 586
680 986 1123
1178 22 1623
689 1707 1453
235 243 1929
428 1812 1087
947 1294 1506
1557 30 381
82 1320 630
248 1091 1417
1982 1417 1379
568 449 717
44 1979 1091
1667 668 799
1472 1255 1394
1753 1683 1558
1193 631 852
1051 540 1234
1784 975 907
415 1223 1998
1832 1557 1767
1563 477 568
633 521 547
76 541 1568
1227 365 823
973 119 859
531 1312 1842
1735 363 382
970 148 1357
1877 563 932
227 747 841
346 663 1319
914 1296 192
1813 1724 1085
1381 952 1451
205 1925 1570
1064 457 1234
1258 192 1597
1640 1514 97
1350 1743 660
634 322 1760
1476 668 423
1147 1934 71
1691 1748 147
1129 1129 1099
580 1686 1025
502 1102 1834
88 360 378
1685 353 1893
135 55 1636
1147 689 1959
907 517 979
1682 1664 1266
105 1708 1014
253 837 495
1352 1769 534
729 623 1636
915 711 349
1294 748 702
1539 883 757
1175 31 1798
1486 1290 316
818 973 332
84 1430 40
1450 35 1229
1945 1740 998
479 469 1621
468 1737 332
817 1031 1433
1871 570 316
980 97 699
778 1936 1990
1446 1106 1315
1779 1190 745
171 992 1133
1401 937 873
399 1769 1694
373 589 1431
705 1406 462
138 1629 1384
807 961 1834
1506 91 122
1496 1538 1228
1163 1669 770
261 1840 1762
1394 1241 1051
267 1993 1172
1961 366 1761
1393 1423 1519
207 1914 1148
1944 721 461
1778 579 553
1900 428 91
1480 1591 112
250 1852 1952
364 1246 1194
1767 1865 1187
940 1827 1905
701 1572 1328
221 1779 1242
1721 1723 1963
535 1853 895
1088 105 1323
1531 1585 914
1643 187 767
1947 903 365
1141 671 583
680 1611 410
937 312 1982
266 885 113
1508 959 189
1824 1846 394
719 934 500
42 817 437
1308 460 977
427 407 1880
793 1901 551
1376 933 162
138 1871 827
472 489 64
937 1997 1375
1478 173 1221
1873 892 507
725 1286 1324
1514 595 136
491 1022 544
724 167 797
1275 1895 82
1790 385 1953
969 857 794
1033 1795 792
761 1625 1317
334 1498 210
842 575 1848
166 90 443
303 933 1818
1199 1657 1985
1996 1285 233
78 1075 618
384 396 1476
1530 1781 1623
322 542 1248
1640 877 1099
202 1719 1674
402 237 1764
846 540 1050
1016 91 707
1353 87 1992
1586 518 1419
205 1254 1815
33 784 1597
8 1459 491
1608 1451 1720
707 5 1791
382 407 29
498 1605 921
1548 621 1013
608 1975 1452
952 1561 322
724 118 1928
539 503 1065
488 511 524
1332 120 327
1052 827 684
844 1561 1091
1225 412 697
146 312 1670
1159 1272 1645
964 225 1559
1286 949 29
1567 1840 533
632 681 1044
1508 365 1516
1835 1417 696
871 613 257
1962 1838 1021
1011 337 1686
682 1848 958
679 812 1535
590 451 484
620 18 677
1505 650 1710
901 510 75
418 697 1844
1114 1568 810
1723 1530 648
1097 542 1337
783 1576 1186
1741 255 1998
1629 1198 449
113 1818 819
1142 1675 1469
1204 576 1979
1279 994 676
1476 460 244
286 536 127
1286 1633 1021
624 768 597
162 861 1204
160 490 402
962 956 572
1781 98 247
1603 1303 824
1934 934 170
611 762 983
1207 1048 1519
1686 687 1504
707 1663 272
1304 1825 1133
861 337 1624
1263 1299 580
1836 1433 1030
83 1036 685
1259 970 1972
1430 1933 734
413 1141 135
284 827 1174
1788 1887 837
60 1191 662
1545 52 999
1169 1668 651
101 1504 84
1484 1939 1120
521 1199 442
493 981 376
1580 1746 1869
1715 30 696
889 170 583
78 230 127
1092 127 531
443 1649 199
1094 1750 55
1530 1586 347
1002 108 1898
1445 601 879
1821 533 977
1690 248 1359
738 1489 1529
1674 1919 111
153 1011 238
1036 1455 1887
1236 901 1990
1643 432 1576
1990 1434 36
1888 1231 638
1119 1052 1523
96 1094 1772
1807 185 1613
1336 211 1533
1799 364 544
390 1400 351
629 988 1253
619 984 37
548 974 1471
584 1215 703
1574 334 107
1098 783 1202
1222 942 1739
1187 279 1950
720 430 314
1617 820 66
1968 1802 1055
1221 773 391
1610 1321 1365
1082 258 932
137 184 1619
244 1634 754
1798 1208 1696
1889 396 327
1839 1116 758
505 733 1930
572 1054 1732
1979 627 506
370 238 179
87 1672 789
1020 1809 974
991 405 960
1745 556 169
1441 445 565
1769 637 33
879 1142 1119
1161 66 173
894 45 1152
1752 767 1390
283 1207 1414
1073 579 1223
399 1570 1981
1359 1667 889
1528 1108 1686
445 1229 323
479 460 1818
1598 1622 1884
123 868 282
1275 620 1401
1018 903 608
432 328 1187
8 727 1109
341 87 776
1230 1967 237
916 413 1466
1592 892 279
1410 842 1901
1646 965 769
1928 592 1741
1682 1962 996
290 395 1325
1830 403 52
1291 744 491
68 326 459
657 1594 872
475 1186 116
754 948 958
655 595 275
1776 875 1219
1517 557 1182
514 1200 1577
1839 1382 332
243 673 1428
735 1093 1754
1194 1750 1700
418 578 887
534 1332 1835
1844 340 782
471 116 10
42 1986 919
1224 500 119
1153 691 1853
1837 934 527
1265 21 1972
1371 1567 75
1072 1985 653
311 871 337
498 1067 677
1281 1890 1146
1643 1933 1132
562 1509 1632
682 663 675
887 500 1961
1414 118 1983
1739 1841 1550
1814 1265 1888
819 1576 1111
1156 75 531
1834 1708 421
1332 1351 706
464 1913 216
448 947 879
1123 1835 1731
1084 1601 1849
1067 1692 1691
970 1506 1308
1210 325 885
321 1834 1312
1204 20 1020
1978 1352 723
684 1816 636
1252 264 1936
131 1739 123
215 823 1724
416 243 1417
107 1565 1275
1416 775 1953
653 1448 1787
1965 653 1807
1337 983 1511
60 1667 1327
696 920 1943
984 1403 1682
1107 1618 505
1184 35 1100
953 494 665
228 262 1440
533 1267 1241
672 1232 1894
479 569 877
342 629 896
1669 1678 168
1964 662 1572
1646 122 1542
504 1306 1577
1604 611 424
622 1191 1038
62 1725 306
1303 397 1538
1549 1229 460
778 1571 1441
27 1593 1119
195 1557 134
1767 1556 608
1662 60 266
1591 16 877
15 638 68
1406 1053 145
1712 708 543
1602 610 1772
414 1388 1695
1856 1415 1288
1327 1611 1198
1461 1730 754
421 1392 1166
687 984 1534
1564 1351 173
1985 757 1578
130 821 286
673 424 896
797 838 637
845 1046 52
485 374 15
1683 187 98
437 609 1490
1955 1296 826
1490 1213 178
15 1198 1287
1593 1680 109
231 706 885
1128 1855 75
117 700 1474
169 1186 1848
537 869 387
635 1659 996
477 1614 645
1304 1456 210
1834 1471 1408
1473 1064 1440
1582 1296 146
819 776 2
1247 893 1054
721 1414 240
921 303 1462
1308 938 1473
305 1416 1439
1302 720 896
1512 906 367
1272 379 1784
712 314 1432
1211 1133 560
1213 732 1805
267 1453 1219
860 726 1523
674 35 813
147 692 229
1586 1994 1301
834 1858 207
1554 1130 587
1690 194 901
1122 1405 386
1682 970 1471
1487 1590 1276
1058 450 3
933 1476 38
1747 1623 1082
1976 1561 1428
1630 748 1286
1837 302 768
776 1992 1314
29 1466 1072
768 1148 42
239 987 1632
1515 397 434
1518 1331 1910
1908 1078 1885
1342 1406 1447
770 1388 195
408 1578 849
1528 354 1193
843 736 659
1915 1504 159
1957 95 1146
1942 1610 1895
728 1481 1226
991 1389 656
876 732 415
675 1854 1803
1222 263 1381
423 1791 88
1616 986 824
275 901 680
434 1211 775
1932 1505 737
1828 585 218
1406 1576 1608
63 805 692
478 1480 546
