2500
1795 328 913
665 90 1958
1253 1045 709
1146 963 1788
917 560 1897
1723 204 908
877 1135 417
80 1082 1861
486 1451 1201
1709 1283 1257
1224 1430 1585
489 95 28
447 1348 1425
1509 847 388
1649 116 949
1547 1840 1505
807 717 992
1225 1149 75
1438 1636 1878
639 1345 1161
248 922 591
1834 1411 686
214 211 386
1639 1720 1233
28 1721 1702
1329 1268 1542
834 428 611
179 1653 1760
254 1443 1396
132 434 1094
1293 682 368
1884 868 1779
922 1082 342
1308 1074 414
894 1102 136
596 783 1756
138 1969 184
1101 148 1837
861 402 1632
610 886 66
1704 179 1101
72 415 1969
203 1337 1404
546 998 478
960 1892 1932
1448 840 1067
1205 978 1036
1389 79 1185
1579 1292 1939
1211 1902 826
1630 1606 1357
731 30 1773
1052 586 1462
456 1484 460
1286 796 704
1570 245 1544
637 1450 874
1674 839 1305
1211 418 598
1150 1630 852
328 1612 811
1686 343 841
1811 1747 1779
1273 556 1263
86 1842 60
1142 1765 305
687 402 1755
1913 76 946
1571 1639 1365
169 1142 1347
1021 1470 959
184 1156 1654
1026 967 1753
1157 593 309
421 679 504
833 1821 269
1138 860 671
1245 1126 1100
191 697 1091
1908 1218 233
1255 239 1704
566 776 1212
572 154 532
326 1311 1125
987 1732 156
1491 565 329
112 55 1542
1136 1300 668
236 1844 1365
1327 1752 583
1913 1360 1174
1617 1926 1950
1181 851 104
1713 1529 1416
838 516 1500
1346 360 418
1676 472 473
1218 1608 126
1886 196 1970
1603 1876 1722
186 1789 1434
1360 1406 1713
1663 587 564
1767 653 445
1535 1843 961
1036 1190 1321
1454 1218 146
279 436 106
405 674 303
727 277 179
802 815 1968
236 527 1726
1949 190 665
865 310 1318
1310 1845 1162
624 1233 704
297 1039 1922
443 1319 358
550 76 1384
853 804 13
1384 1958 828
1704 194 1355
1430 496 1898
447 1361 208
118 1024 405
1280 1648 1639
1984 1945 1030
258 389 701
616 1291 778
352 496 1934
365 1880 1892
1193 1584 438
900 1366 1286
798 165 1000
1006 283 24
1764 1915 1672
1403 251 1617
785 509 358
1487 1477 1
265 1829 497
551 546 729
795 1739 665
1585 992 31
872 1790 549
1872 1149 832
1896 913 748
1920 668 1351
1889 1453 1861
248 1292 1338
249 1557 1520
1099 460 66
1828 1607 158
494 1193 1150
877 65 1292
1426 289 793
611 185 58
1359 105 1078
1062 346 884
923 594 176
614 1196 86
134 647 546
552 475 154
710 1321 1699
212 199 1764
1857 1977 53
650 588 590
1061 299 1047
139 1362 1393
1023 637 340
1200 1251 1888
1286 1737 535
184 290 1362
690 1352 1036
389 1917 1235
505 1774 1564
910 776 505
1500 1837 804
899 1977 518
645 1352 1156
985 552 759
1225 190 497
112 727 787
1474 1417 139
510 159 56
97 664 182
14 1927 959
519 1779 1148
1675 679 1125
194 1324 478
1702 661 1382
461 1886 1925
958 1998 652
1745 1824 421
237 687 932
645 784 1949
1180 798 1876
139 1669 1655
1287 1345 686
765 1539 362
1595 1593 1023
1329 54 1261
1254 1365 1611
258 1462 1436
680 1699 123
1612 697 1259
1561 1877 410
1789 368 79
1445 7 1424
483 1124 1315
846 719 1260
221 49 1315
1483 1655 680
1446 1914 142
882 946 194
1357 910 1243
969 824 1120
1731 613 1488
162 410 1847
1939 894 972
1254 1740 1691
867 1961 92
182 1796 100
1214 1243 14
1708 477 1312
254 187 222
1497 1156 1046
969 1239 1660
809 1401 70
657 1340 1316
1629 947 1056
1672 1814 1370
117 1996 1518
217 1562 1113
583 1622 1591
1895 1877 130
117 1726 1638
1164 696 877
1176 1505 278
1598 514 1619
915 143 918
323 168 732
45 285 1080
1564 854 642
1029 1437 616
620 1332 845
1102 1801 572
740 965 1268
1617 493 1125
248 444 1640
219 1359 135
1137 34 303
1869 80 940
949 1996 1794
1943 1025 1583
559 1998 915
1405 1100 717
329 1841 34
1949 1810 880
1074 58 1324
1066 277 1035
1202 1766 1069
1857 1635 1501
1150 936 1849
1296 879 1227
880 1791 1225
147 1548 677
1216 1877 870
1603 1826 681
483 1252 1091
159 671 1721
1194 1873 1487
615 82 1475
117 1232 411
318 529 1643
1545 1761 1434
770 1908 1334
1800 1477 1211
670 1080 1389
1703 1915 993
795 74 1664
516 1268 1889
355 1883 1972
1830 352 1204
242 671 85
1885 216 1846
1671 1339 107
1005 1139 1584
568 1809 664
1957 1865 931
1302 660 1005
967 1528 273
856 235 508
1180 66 861
737 660 1884
822 897 452
1021 568 1791
1128 1925 1282
1064 493 1444
80 802 1309
1011 104 321
16 1423 1849
641 632 84
1149 1812 502
362 549 1162
598 1724 411
1051 745 1331
1194 225 1256
477 1289 1749
273 1369 903
1582 380 1008
1903 748 783
104 1389 1415
540 538 1580
1043 1253 481
557 1851 557
969 902 1302
300 449 1879
1909 926 1168
1658 1199 889
562 1133 1621
1922 1388 369
705 1492 110
473 32 649
405 1427 254
1238 1985 105
1796 1306 1360
1450 1958 1809
1330 1867 1087
498 1878 638
1740 440 1771
1361 714 1159
83 1771 1003
193 244 1387
1194 1001 815
1448 240 1152
1906 36 810
1266 1486 768
1427 1168 988
514 19 866
1152 1759 1306
1275 1472 372
786 1555 143
1789 1749 740
1528 1295 1741
695 744 333
1847 1002 369
1009 268 208
130 47 1376
1118 561 1747
1984 1713 1506
1642 988 979
14 126 534
509 1915 635
1249 1443 283
1343 139 1379
1676 338 381
398 1348 1001
958 1478 1048
334 948 1609
434 932 1674
1940 574 1014
919 940 1140
1806 1449 1407
793 1051 850
1076 394 1341
455 70 32
1188 468 1732
189 1426 1562
1237 113 510
1198 547 1442
872 487 368
238 1759 1660
1378 1917 1109
785 1062 160
1988 491 554
1681 946 977
1713 487 1445
1445 676 1224
1359 1914 1337
1869 1112 236
1311 337 1075
31 575 834
1691 306 1103
1153 1443 166
1313 1431 657
220 1465 1955
1197 1530 442
994 1328 1119
218 687 1385
1907 557 849
143 220 1538
1219 252 114
53 295 772
1509 1448 215
1675 1114 1999
684 1334 1464
639 883 994
1434 1877 322
553 448 1010
290 355 1567
1139 499 1787
1030 1718 391
1144 123 687
1916 1632 135
483 1659 1249
482 343 935
1946 1335 170
1293 769 400
1615 1674 848
977 316 1555
896 1807 54
1036 837 124
1427 333 248
466 249 232
602 1085 244
203 1567 939
1491 1866 274
13 1159 1395
413 1126 1421
1613 104 1737
1169 1000 1545
1575 36 734
1700 1816 1068
300 282 1669
884 884 754
1128 1440 322
68 1283 188
694 1296 1699
90 62 825
1511 1675 929
1601 1196 282
1498 772 670
232 824 486
1300 1124 769
970 8 5
1724 1137 1797
398 1557 1080
938 251 729
637 341 791
1463 205 466
744 158 15
1378 1656 787
49 1888 1611
535 1541 1087
1304 511 1447
1662 587 584
1459 986 493
892 276 745
1621 914 1438
412 729 1643
1230 1825 1801
1245 1204 1809
384 1605 1698
347 140 1239
1434 1797 102
882 1459 689
1818 1270 27
312 162 304
1409 1783 1570
847 547 299
843 1778 476
996 1375 1680
806 112 1285
504 459 1778
95 1894 1927
549 1128 1738
1590 946 1008
1970 1610 1523
626 1019 1306
196 219 206
847 1062 336
1323 58 1711
1356 864 1823
993 1720 635
771 167 881
698 1068 9
436 659 1307
1797 629 1270
1320 1255 641
978 1803 860
1184 650 1922
1520 325 333
1584 1681 1549
1759 675 1622
394 1798 1789
1275 849 1210
1636 1637 1869
944 1434 850
566 1106 105
1207 85 260
68 1621 910
342 1494 1587
1027 1078 1621
577 1189 648
551 1584 446
692 1211 1295
1902 848 1285
1771 144 1071
621 710 178
1078 269 615
1338 689 588
600 1032 82
540 411 1160
161 1340 702
809 1891 286
1607 584 1849
1255 486 1049
540 610 1545
1611 1231 607
141 662 877
1108 352 1566
1697 1305 950
1779 1845 1362
1292 358 702
1994 1167 946
632 774 1530
481 29 368
1883 569 978
1428 533 210
36 674 1224
913 1783 1576
831 1832 1233
1782 1611 1430
1496 1255 1788
550 1249 955
1496 233 82
1378 1067 111
1747 950 1033
725 378 1918
1287 766 944
863 31 1079
792 863 911
25 997 875
1456 845 130
1244 1747 1380
552 1596 1965
986 974 1032
1449 1073 1982
482 151 713
752 1438 1479
1697 654 1511
1128 1446 726
40 1471 75
915 1279 920
1397 876 1019
1129 1780 615
1095 766 1942
127 215 1015
110 1050 1518
1175 1802 957
654 1851 1963
517 1332 1409
1243 1372 1232
1670 639 512
942 36 1740
1962 1518 1520
577 613 286
871 740 853
239 1202 1903
1757 377 58
1066 1384 1909
1029 1901 1593
438 1497 965
1671 1167 1956
535 110 345
275 424 1863
147 1353 476
785 225 1568
1638 464 771
1542 221 1500
1600 1288 884
1861 317 1138
1455 1108 635
772 779 154
1081 1666 616
1778 1941 1040
1993 440 394
821 1225 971
389 863 1435
1512 757 8
1013 357 1648
249 571 1966
1387 378 1074
374 1150 205
529 583 1871
1145 361 164
538 354 604
1284 1175 1829
255 1917 1044
42 1429 1802
402 794 159
51 1396 1082
369 783 1460
1443 1158 963
0 39 1546
1871 1184 1908
35 74 614
991 1358 1790
1172 1965 59
216 359 1488
18 1114 635
530 1165 31
1612 1534 814
1425 1329 324
388 1681 363
1934 1552 1900
194 1939 326
809 930 37
951 102 354
1010 670 714
498 689 180
1485 1219 1345
1516 1183 1231
683 608 912
1359 996 593
75 1283 497
1975 1477 788
301 286 70
690 1237 524
1045 599 1194
111 1450 1883
291 935 1454
1988 804 990
1571 1487 1950
483 1198 947
1428 1273 230
277 1600 59
1065 254 346
1135 944 1935
11 1989 535
1205 100 1985
1441 391 1272
1247 731 76
237 302 1915
188 1137 1114
1487 565 387
69 1194 340
128 259 594
826 1746 1538
1114 1757 1528
1649 1315 1980
1986 756 724
1258 3 1455
1335 593 1758
1602 781 895
716 620 1813
1456 689 1007
1796 1169 1619
390 1996 1365
1928 1110 1475
1808 1111 790
141 1449 1898
865 707 253
320 394 846
430 349 1979
1326 1065 599
1139 521 1640
498 317 810
117 1059 1158
1835 1340 268
1662 1500 1731
804 1641 1180
702 858 239
955 1179 986
1802 1961 1335
133 1287 752
733 778 1274
373 1277 1943
1535 1746 1355
693 1933 695
1313 1595 547
1044 399 189
576 1453 1399
816 409 578
154 563 540
1841 696 179
593 1781 1310
219 507 587
515 42 685
1870 736 619
917 401 566
1464 1446 1318
5 22 771
1405 1190 1532
335 1696 95
1227 1537 1144
1407 131 925
1069 350 1784
1656 1217 1827
693 1087 915
1664 356 1316
231 1821 1114
1901 178 1137
672 1583 679
557 271 376
652 1498 1913
148 1257 396
1426 326 1099
1210 334 316
1389 1380 1756
304 1044 112
1973 1627 285
1087 1528 464
576 553 399
1608 1110 1022
1984 114 873
249 263 482
998 41 809
449 1251 1495
765 993 1227
521 1649 272
986 1622 251
1271 1062 1780
87 1990 333
839 1598 1795
1861 1934 1909
1086 536 524
1569 1534 565
730 1983 169
577 1100 1162
1805 1974 811
77 960 786
328 583 1848
460 1023 1838
1145 1862 1437
940 75 1723
850 1514 259
1726 1083 145
292 1813 128
461 390 1581
1975 195 1555
786 624 867
1572 1305 1450
1772 117 825
1611 1263 1039
1400 555 1467
1123 1757 981
1383 1484 64
1528 1776 229
9 589 619
1590 564 1167
1497 1702 143
364 1275 1448
166 1399 1566
992 1362 1181
31 762 1736
1498 238 1494
479 1973 978
895 1501 1106
1124 1862 1695
1744 1804 611
1263 1301 313
1406 1665 1940
855 184 1340
773 1176 702
1954 1207 1817
42 1058 55
1536 1537 28
866 433 1881
1972 1909 96
19 1653 1900
630 1268 1202
1296 675 1219
1236 1882 1403
576 1007 931
1631 1313 139
1448 1355 1549
1855 1244 1086
1883 110 1871
116 435 1781
212 454 1786
113 1437 1407
1667 733 82
1238 1969 316
642 898 1323
1925 881 988
64 329 343
1965 184 1587
1052 419 50
1275 535 485
1408 748 1291
1547 1213 728
954 880 1813
1388 118 135
1704 1112 1385
1379 1038 266
719 1454 595
1062 1420 1131
1002 824 1902
1052 451 789
1537 1860 1537
1180 1407 1102
261 713 1982
74 101 453
561 157 1917
1946 1888 1307
212 607 762
1159 21 534
642 1023 1358
544 75 161
1334 1964 21
1223 1497 1780
326 1758 493
660 184 946
1465 746 1103
1383 692 1343
690 905 1950
1804 64 1972
338 707 995
48 1603 1423
210 937 1739
583 513 1236
364 839 994
1209 1851 1531
156 1317 277
1611 1052 969
955 1742 226
905 1547 643
1229 237 1702
577 638 1305
352 848 595
91 1783 1460
1680 499 651
1026 1709 502
557 217 171
834 1828 1223
156 1135 1318
382 393 865
1377 1622 1454
1079 551 92
737 903 1292
1684 1347 1076
1144 1027 1575
1795 53 1636
649 611 205
821 1797 386
396 1953 1521
1714 688 1914
931 65 1889
386 1497 792
478 234 1696
123 1918 1395
1199 1414 422
1126 1209 827
763 210 1790
968 1031 1588
1354 1428 1541
1228 1142 581
1494 426 647
1383 812 144
176 1642 730
224 1765 1000
1971 1316 414
393 443 1975
1572 1558 185
1363 878 1569
951 585 997
844 165 491
1778 1659 917
425 1395 81
921 1923 76
1651 147 1841
651 118 1510
1065 863 305
1392 787 215
1577 150 1093
1146 1453 30
495 650 195
1339 428 207
608 1205 1602
1042 126 1525
1118 1777 24
959 780 142
821 1845 1357
1126 1589 144
1341 1518 647
787 1017 100
1169 1864 1102
1717 1203 1530
1924 164 735
1526 1206 1213
1051 324 990
1075 1635 1770
1569 457 1967
1278 1583 1908
1422 1277 1427
421 416 444
874 1585 308
1976 1302 1512
1859 1226 28
946 1104 1234
160 155 1558
1502 1582 1545
1625 1151 2
1944 429 1938
1853 204 1215
1280 977 1631
1724 1851 1568
32 180 871
1896 391 449
276 1337 1554
1510 1849 61
1420 1704 1644
966 1329 1147
968 1273 1577
1258 1478 133
473 758 1110
456 834 1314
25 867 1494
1248 1115 1885
49 1392 1574
1955 1254 1776
17 675 1832
13 1993 1161
1160 1313 786
1089 572 617
1574 1397 1375
1037 1854 210
351 231 1429
197 1831 896
434 1880 288
360 1836 1895
136 205 922
1968 570 915
1481 82 228
620 1172 1152
1237 1098 550
964 135 756
1174 838 987
955 1035 818
1852 1469 1050
492 1830 886
387 318 1443
1309 639 13
576 472 448
1157 1444 1972
309 681 1070
859 1998 1558
1615 1172 396
954 480 1432
124 332 1253
1175 1176 1435
413 1916 106
1857 1225 745
222 154 1569
670 1311 1014
994 1620 47
65 832 45
1623 799 1570
371 1754 50
155 1878 734
1409 1053 1910
1196 1819 178
1302 1676 1404
399 250 1558
321 1273 869
1335 267 841
1734 684 1673
1780 659 473
1702 1031 579
1752 1186 457
838 947 1863
1100 496 1682
1279 150 1710
1035 550 312
945 1223 1937
166 910 205
1007 644 1241
1033 776 1901
1506 478 932
85 582 118
894 1420 1418
1109 521 1914
791 152 64
853 1187 966
1518 132 189
1455 298 1099
12 1657 96
1254 690 872
1155 548 1351
87 985 1933
557 232 1706
1975 1341 579
241 485 731
306 1690 270
1272 1208 754
1814 664 1052
1265 676 1061
1361 1930 104
586 1085 652
289 1524 1990
574 82 222
280 409 1563
859 651 400
1942 957 91
212 581 1299
966 747 1963
370 365 992
1432 78 922
1888 664 360
540 953 1884
882 1528 1966
1104 160 376
1020 1020 1379
1420 962 688
1511 1175 1269
1163 493 369
1126 864 734
118 648 812
1393 536 1829
1753 1428 1134
1637 311 1014
1956 1415 1175
684 787 547
63 208 1861
751 71 1388
372 1586 1882
741 713 746
1827 1183 1746
992 928 282
1173 1033 1710
307 671 21
1674 979 1789
849 1663 928
1748 1726 1488
1609 829 1560
998 1201 1146
880 295 211
1978 122 1747
1724 1466 1027
6 639 61
68 1299 1084
442 973 63
231 174 1726
1511 1922 1804
1000 1531 633
912 881 1834
58 1761 129
622 91 604
721 167 70
1748 525 1062
1809 594 361
893 1036 1686
1308 1619 1860
1034 1130 1782
1190 130 1665
1823 1042 547
10 1453 660
491 427 752
1095 1148 1271
1518 1248 1797
932 1410 391
1293 655 1779
1331 1964 1398
1191 1350 880
1325 541 1363
990 364 405
1537 726 210
550 1218 637
1654 313 137
925 183 1738
722 1115 1500
1113 760 155
892 91 471
642 1634 1822
1523 959 363
886 1950 1079
1643 1839 1806
206 389 1376
1195 395 1689
1685 1321 225
1423 43 1692
923 1509 453
1430 753 896
1902 1396 531
1724 1271 1490
439 509 1792
1870 504 1632
28 710 373
1404 1906 769
1446 1943 90
1671 1366 485
1363 641 346
168 423 1100
1417 325 848
300 401 471
1790 1192 980
1935 1063 1836
1567 1091 547
292 848 805
1061 294 748
1503 1965 466
341 1680 1459
687 201 1882
139 1618 560
987 270 961
1458 60 506
790 347 1569
979 1914 1012
1526 207 1860
683 1620 154
1783 1476 471
249 1817 504
60 504 705
1942 996 675
502 1983 945
1816 1794 1357
322 936 1705
243 1915 1971
1607 1793 530
1468 476 151
1974 611 1979
446 860 1796
1302 920 652
7 1215 1648
1034 69 1984
1979 237 1778
1688 911 1066
1393 1154 982
1717 762 775
247 582 1604
750 908 215
729 1354 1428
525 656 700
1530 1015 1915
1178 49 337
1162 380 574
1292 69 1486
359 1814 992
1693 1531 1754
468 1779 688
424 529 1597
640 1611 1303
420 488 312
1120 18 1679
1388 1549 1729
1725 1063 461
651 356 530
137 1067 345
1130 760 228
1236 1580 7
277 5 889
1874 997 852
1529 1417 1340
193 889 1359
1873 629 1260
1954 706 323
415 1358 679
1298 1847 98
1643 977 858
223 566 439
231 1195 796
1472 1421 1793
324 950 1562
1664 1144 803
1375 1017 1433
635 971 139
959 1738 1849
1990 1036 1697
441 1031 1026
1299 1255 1592
90 1838 1139
1238 1310 560
1383 1986 1511
945 1650 1007
1749 1378 376
1534 365 1699
1673 1676 1437
1523 1667 474
1572 108 1857
598 1759 1112
543 202 950
1682 1440 612
243 824 598
106 121 601
1113 1870 1979
1841 1756 696
1540 1430 373
1329 1305 40
155 877 500
13 1827 611
1125 370 813
428 405 254
1040 648 1430
1639 1106 1551
240 571 1774
571 412 1530
1267 1952 1312
1640 1633 969
32 1789 198
884 1802 26
1496 1279 748
661 1707 1153
1267 748 153
697 739 1259
249 1331 1830
375 254 594
257 1521 546
1570 1514 532
891 1898 321
1090 783 123
1468 631 1754
216 1292 1462
1722 560 562
1875 1609 1653
1487 210 984
1669 585 1590
264 843 1111
1162 765 977
1694 1656 876
15 746 11
490 214 642
245 783 286
59 505 1198
973 732 808
626 571 1018
1962 241 1956
1552 857 799
1015 19 1916
1993 1714 1572
1221 81 319
1584 924 885
578 1169 20
864 1580 877
63 553 1610
1223 1531 181
241 1493 774
197 1397 1631
1348 412 1651
1264 757 1717
837 330 150
1508 1914 1074
745 492 595
766 1357 527
1643 1772 1080
1605 995 963
139 1588 808
913 1786 205
897 1486 970
900 751 1727
969 1940 58
1119 1448 324
546 545 817
1493 1311 526
21 1307 298
1453 912 1645
417 1051 1233
1225 317 1371
1431 1214 858
401 114 1609
480 1083 1549
890 554 1349
1215 1100 1894
32 594 1558
910 967 1217
1560 420 129
1205 837 1533
790 415 202
162 198 1416
1020 951 1882
981 1431 1317
882 674 1871
231 1889 1324
477 273 270
35 1183 1237
1252 743 9
1734 1948 1199
1619 738 1614
1821 1252 164
1589 272 1115
1823 1253 898
1140 135 1572
1363 718 1461
1039 1196 1734
1661 1583 917
898 1188 12
1260 1274 312
459 893 1051
425 1066 655
589 1007 928
1704 830 533
602 322 1021
175 37 91
1988 1077 1287
1723 738 1223
992 1989 763
1005 1249 37
1669 60 1282
720 485 700
1728 1074 1707
656 778 537
1541 1732 859
562 1907 896
654 1896 325
293 1971 1416
1868 1315 1405
983 672 1006
1020 342 1066
654 1062 1551
1706 790 625
1413 1798 1755
302 1692 1487
1161 254 1747
410 1260 1995
1087 1906 1966
503 126 1281
260 1110 1954
1266 482 296
684 1137 1710
587 843 853
1564 609 1003
1319 911 695
1159 425 1302
1258 1187 914
1253 274 820
1571 1130 947
1204 1390 57
1158 1009 539
1806 45 28
1869 633 1224
1074 197 1833
77 1517 744
1125 1028 1521
427 286 708
1341 1539 983
514 1110 113
1813 314 1855
222 1825 1216
1113 1983 1262
1494 204 1895
718 1278 92
903 1708 1961
1999 833 989
1521 1612 1275
229 1305 1166
1564 171 628
29 1984 1295
1885 558 1472
1101 1672 1455
363 1166 1660
258 236 1290
703 1139 998
664 1490 183
1654 1011 1795
1281 1593 1453
800 1157 1624
1428 1187 1961
1075 1424 519
547 525 191
3 1241 1709
15 1851 1945
1305 554 1436
304 1571 927
487 1577 1938
635 1210 1883
440 10 1041
64 1791 228
377 866 1652
897 1414 529
1440 1769 122
1150 1784 1974
1447 1441 880
884 97 451
1811 585 28
101 1572 1239
1985 12 1249
1026 428 1392
1606 806 259
1610 55 25
491 1847 146
614 1349 282
588 797 1723
1468 1681 1821
272 1492 758
300 1593 682
1891 1578 694
1493 956 1474
885 562 632
1496 524 1039
1521 1016 887
19 1630 236
301 570 1385
25 38 1066
1846 662 910
956 963 856
1638 854 786
684 347 1743
510 1585 657
1143 1081 1534
534 955 550
1773 974 532
10 1276 1102
1747 1653 1492
814 1851 155
76 807 1470
1284 797 676
71 1481 1024
166 343 961
1175 1838 42
709 373 1349
1611 146 324
143 508 1952
1597 256 1605
1090 1422 1456
1597 1850 615
1067 1135 1412
1743 1206 1245
1119 1724 1588
80 899 1427
475 1609 1800
1824 1220 298
500 1716 807
804 1313 1415
409 755 1189
217 352 1039
1184 1419 174
596 1515 1732
193 634 1456
1782 1067 356
1561 1894 317
1713 70 1889
11 923 1605
1170 1727 1271
937 489 26
126 706 379
1166 1891 150
1340 839 17
1425 1033 1004
881 1167 71
1237 1080 317
1554 793 387
1444 1156 1310
1401 679 1038
672 1616 1527
699 95 585
1430 1261 828
1932 953 1668
1950 378 1053
954 1612 572
1377 849 1652
1694 756 797
81 552 305
1744 305 1336
782 978 1305
661 29 1400
1598 1811 1013
427 1743 1966
95 1693 697
1500 647 309
72 24 1510
76 70 618
873 152 1170
1530 248 1476
867 1382 806
172 43 835
1572 1641 998
585 68 741
903 515 787
1952 15 1786
261 439 1811
124 515 1881
742 1388 385
265 919 633
1741 1786 15
899 310 410
86 1882 404
1084 819 824
1825 1722 1340
964 1675 1707
751 288 147
914 412 662
1147 1507 403
1533 1772 1322
518 1865 1460
886 764 1770
1648 850 4
52 286 823
877 463 897
569 1428 924
276 179 1213
423 1093 1977
1438 240 1484
1841 125 1608
1515 996 1473
1327 1882 589
1097 1882 1439
1453 1935 1725
276 812 189
1525 1733 1969
450 9 148
1663 785 1593
1992 223 1833
1829 416 311
1437 1931 1307
1263 1258 1541
1852 707 1423
1292 160 1710
1369 788 874
1910 665 607
1879 1115 617
379 1130 1402
1972 1123 1977
158 952 393
469 741 324
128 4 1934
21 1857 641
1796 1501 1153
1507 1222 293
381 1133 958
1341 1364 426
1958 96 1556
1712 68 679
41 578 1983
434 1399 725
1110 1879 729
1044 1900 938
37 1697 439
1542 1556 1662
187 289 1147
1497 1630 863
1923 1940 959
1480 4 1380
511 45 1958
847 831 1710
1924 1941 1589
653 1337 1842
1944 1726 1539
383 1268 1447
397 1807 1736
1544 1305 1367
760 1228 1659
1719 1060 1664
1451 1924 1709
1762 771 541
1472 695 834
1061 1700 172
903 1996 1898
794 380 1519
241 1129 1678
330 674 983
1697 1434 564
1356 1505 1624
1372 957 1900
1082 719 671
1975 543 1718
809 1956 1771
1333 1212 1767
1584 6 499
1455 600 1629
1133 930 655
117 979 441
1033 687 1946
657 60 1255
910 1494 326
1933 1469 869
1652 630 826
1775 316 38
1894 1900 396
394 1707 996
375 840 278
1030 1309 1257
1471 342 297
1769 1352 357
1025 262 1851
1703 195 1672
573 199 654
1751 1974 970
1789 221 1222
537 615 1281
1886 990 122
164 372 1783
1774 1843 126
71 1964 1830
428 1341 92
631 1045 639
655 1970 839
1309 1721 1165
632 1862 1386
206 399 353
1488 637 1695
1962 802 67
1745 928 262
223 999 227
53 1779 1568
145 410 613
1137 1417 935
1976 726 656
1493 1710 870
1232 1917 1270
1585 1757 1907
1633 1719 1061
1700 1464 1989
315 40 1340
542 93 1119
462 591 1881
1428 1728 1298
363 56 377
1020 1549 87
1890 1133 4
1512 1071 1761
1772 704 1832
1185 756 1649
1175 1071 1689
867 1965 1782
1987 428 373
220 1856 453
1519 219 509
1896 1591 411
1983 1834 1544
340 1346 615
453 1470 1671
286 656 428
1935 183 1851
1624 1050 1817
1758 1389 245
132 1610 101
937 1481 320
1447 1377 264
1858 1712 98
1754 404 1796
370 1210 1267
393 1496 275
821 1783 810
673 1759 212
490 1517 1602
735 1 1212
1188 939 693
1860 738 422
124 596 486
222 702 1243
19 1424 453
1638 1818 301
1913 639 84
1075 1664 195
1287 506 64
1241 1593 418
805 781 1357
1850 642 447
272 766 1395
1111 1341 97
354 1360 1522
807 1350 1340
1108 1615 1979
1544 690 1996
1739 329 502
155 1571 96
573 376 1229
282 227 1871
729 851 990
124 1962 683
222 316 395
1744 1475 1745
1084 583 1360
1415 479 402
1763 570 731
266 726 302
714 1299 1031
1943 1582 1258
167 663 109
1509 788 424
192 1010 740
939 1106 216
684 542 1151
396 309 1983
798 73 553
1881 691 1279
536 1757 931
1567 52 513
1177 219 1528
1638 80 316
62 624 1678
803 1563 784
1371 247 1678
874 995 1988
857 1793 413
1411 27 1104
1042 915 1213
1973 482 1265
838 11 1485
367 1649 1917
683 1712 542
714 515 105
1850 238 705
1529 1464 1700
1869 322 1846
282 85 225
1738 1127 1140
951 1453 1974
216 291 1985
53 1010 1634
1971 1694 1346
865 760 213
1322 610 803
27 139 268
80 8 942
278 642 1379
503 380 858
1643 1683 311
1617 1900 955
1602 305 1965
1588 628 11
935 1493 771
1500 816 1382
304 1195 1873
924 1627 1882
1866 1905 876
1245 408 1257
455 403 1292
767 372 1192
1722 1974 1850
39 1915 478
51 850 1972
822 350 1140
204 1006 687
78 1930 315
312 1796 220
1540 1393 981
1149 1849 1384
442 968 1757
1634 1042 83
1836 1081 350
315 1484 1200
287 307 1903
1779 863 909
466 1293 1192
781 1957 1340
1002 1498 734
335 647 935
1719 1089 255
1828 1076 1297
264 912 730
614 1227 215
167 1866 522
422 1997 1737
1683 464 1031
875 1245 988
216 599 838
1302 1286 1486
237 1358 927
844 1186 355
141 1802 1268
1223 769 847
1438 936 1066
312 1358 1063
50 1041 1879
1433 269 1125
773 485 76
1612 139 1363
1450 376 1073
377 1572 259
733 1713 414
353 936 1183
1552 727 471
618 1039 1829
34 1441 1222
1913 874 1491
1390 1648 328
1819 1612 467
1534 1062 1195
607 1791 767
866 876 832
1632 1581 121
815 1134 848
1286 104 239
1467 138 1681
1042 52 907
885 1794 907
1214 1613 519
33 1147 1933
1229 1754 77
348 973 953
1181 605 887
1654 1421 21
854 1059 477
1093 879 616
1126 1921 1020
34 806 814
941 20 428
1813 406 1575
1746 1635 1682
175 1983 655
1129 1516 1260
16 1170 1033
389 24 93
866 1470 972
1834 596 1245
1206 982 51
21 276 424
801 441 830
728 539 817
410 715 1152
1065 196 669
678 564 191
1711 953 568
156 171 390
1480 358 986
725 1564 321
1129 1937 949
1553 738 1390
735 1819 1929
1552 229 996
704 1647 1192
1725 325 1756
1917 36 1061
837 545 1233
1227 25 1943
565 751 1507
1238 232 1445
187 1785 535
1929 520 354
1859 424 584
1207 1128 583
400 1206 908
156 1475 1296
1570 312 193
1155 1539 219
1098 456 1322
605 1695 1554
402 1882 1339
938 1812 211
1292 23 987
228 1230 467
811 1982 1673
71 491 1148
1720 61 1460
1913 1216 1351
132 314 1808
1454 1271 1503
1360 1674 1737
699 612 1549
1262 256 1924
601 485 1507
1069 1296 1489
1094 1720 1980
243 1440 41
55 1353 1609
1759 1486 1923
1567 1292 1547
1422 653 1573
1159 1704 185
1061 1319 793
1337 1920 1278
844 1341 927
334 436 647
314 1031 87
708 1438 1440
317 1197 1278
593 1116 923
492 890 1576
65 402 1632
250 1463 951
1395 800 1224
674 1997 917
1601 331 1705
248 997 736
335 57 527
127 727 76
1758 1320 1545
681 1812 435
257 229 837
241 479 652
1193 226 1805
769 900 1802
1686 501 485
1744 1101 1834
480 1788 244
1359 268 971
1436 26 643
1333 707 807
1768 964 1036
958 1205 1867
1962 750 93
1767 1871 994
1921 1910 1847
758 1654 1301
945 486 1089
1189 1846 1357
512 1634 1735
1155 967 442
1962 1087 1758
998 45 1316
1217 8 66
1310 127 1938
656 401 1848
856 1159 1854
157 456 340
1598 1645 186
1308 157 1820
1043 1664 1139
1486 1626 227
1244 976 624
560 545 984
979 1856 1112
1269 512 1865
1469 1368 1024
1323 1877 1833
1663 1476 1478
1850 784 1988
22 1827 1652
1514 1665 1631
1741 1262 959
717 1822 1505
1702 801 1713
1166 422 577
1031 1891 1946
407 1214 175
240 1230 1651
71 1080 787
59 1454 967
63 968 632
46 1061 1894
1006 131 69
863 1833 1222
576 999 1645
1153 382 1888
1451 789 1103
1627 1030 333
1630 1453 1765
418 1512 1571
1385 1927 892
369 1974 305
616 1332 436
1037 195 269
259 771 1620
256 1924 2
145 1728 1144
1600 1355 174
285 985 1979
402 1755 1491
325 1492 1770
1217 214 1744
1523 1182 1076
1959 219 1623
581 830 394
553 1087 671
556 1584 751
1700 1536 106
226 1821 1443
205 575 1551
48 900 1395
1818 470 1609
1915 1993 791
1343 304 1010
967 1237 193
1713 1791 1280
736 347 1216
1487 399 752
1945 977 925
1741 1534 1500
1292 1582 752
687 1752 1222
649 19 1567
1440 1363 1872
803 682 1109
996 747 1252
628 1484 1599
1844 1323 350
948 1269 1327
1873 1362 861
1725 1006 795
477 1693 900
52 694 919
1619 487 634
1843 1290 1316
1305 638 64
557 1618 1900
509 1814 1575
859 762 844
539 635 558
1752 712 1564
900 1541 1610
1800 1593 304
719 1565 791
1706 1408 433
1022 713 1071
1438 1623 1041
1690 132 855
1266 1343 1617
462 234 604
1021 339 1316
585 1239 858
195 1039 451
852 110 16
1643 1816 1777
77 1191 842
1500 981 465
542 672 949
1397 290 645
1367 752 1231
1971 125 1570
1288 1063 809
498 1610 1848
1301 462 311
1318 106 127
1447 183 1318
289 35 652
1107 577 1324
408 327 1966
1405 1694 1070
637 1665 1196
559 1305 259
1369 1803 1869
1569 1105 332
1880 775 790
360 574 1325
30 863 1360
682 322 290
358 1083 617
324 840 663
1747 1477 328
943 389 1986
1554 1758 1789
1775 1679 1246
459 1912 373
1249 272 947
574 654 163
287 1337 837
577 47 1920
1546 724 761
209 471 590
889 1766 979
875 1672 1089
1017 1447 769
263 1907 1033
989 1508 1305
1936 435 1959
451 722 1648
1289 1651 48
1561 1197 1124
674 1758 1595
1617 647 1713
948 1523 1385
38 540 1184
1159 1155 1091
192 144 952
1849 433 1387
160 884 461
1809 173 464
209 87 13
1333 761 1771
1280 378 418
993 1327 293
730 1365 1185
1914 876 341
1358 1068 837
662 1269 1270
401 1429 507
862 1590 680
1678 1799 767
1691 1484 1881
1814 764 259
232 109 1586
878 1191 1303
63 1106 179
756 816 1599
1594 1478 1220
864 1879 650
1723 1093 240
756 771 392
1523 814 1876
1756 628 993
16 1212 1454
1954 90 646
1258 154 104
1789 910 920
1741 856 750
961 73 629
1611 1796 1722
204 552 845
596 428 1659
824 184 287
169 200 1851
1976 507 1942
622 1765 448
1078 1906 1710
350 1647 567
1100 961 640
81 924 436
155 1128 1341
1000 76 1769
1011 1253 1953
1650 1422 506
1501 1750 1013
1795 724 1130
243 1802 1036
1954 504 1036
873 1956 1997
1513 37 1273
301 192 402
1642 1544 830
1411 907 83
1717 557 1858
575 411 1608
1940 206 333
1070 450 487
458 756 992
1494 1629 948
1843 1494 986
1117 1795 1530
1871 1790 1427
701 1553 686
1137 1622 1596
995 197 7
955 137 213
1640 1559 1015
128 18 123
1472 1864 104
420 60 1598
1758 1177 1746
1641 1400 1888
1420 101 1441
106 1590 1064
1702 937 1613
1709 1893 103
275 1885 1662
1642 13 32
1766 1485 1897
1870 258 1957
1821 16 1486
1567 9 886
1455 1429 1339
1248 1536 930
664 1238 1867
278 1300 112
733 1927 350
395 1569 363
428 1687 201
325 1910 459
634 1731 827
120 1650 837
1006 1457 618
345 705 154
1627 1722 1745
1847 352 1397
311 1085 1324
661 1480 1245
1377 260 933
1578 585 1195
389 1571 926
1568 1691 928
757 1049 385
1376 1747 1442
1882 1374 1516
1979 1573 1868
1376 1885 953
1052 546 434
298 275 694
1583 205 1632
778 594 1203
56 515 1247
984 1272 296
1721 648 43
1515 531 1770
1032 510 1343
900 239 1228
206 1291 127
992 1941 754
38 1524 960
1670 654 1906
1226 710 421
825 46 1694
1121 119 694
1517 1635 1225
1287 1019 88
982 271 327
563 477 1970
1042 1469 1912
1796 1508 1788
756 1530 443
663 1108 1505
1436 1933 1552
1130 1407 23
1825 924 1658
1402 563 677
1490 1897 1301
169 460 1778
492 1502 1600
404 1651 1108
544 759 990
987 1422 99
845 1211 384
749 341 1791
772 518 1067
783 1921 1982
1812 1763 1880
1113 1933 340
892 425 195
492 1181 1846
1952 1725 605
942 1065 380
1393 262 1591
1778 1011 284
1921 135 803
989 918 724
971 731 839
1203 1844 1124
1544 1088 1901
1739 1932 1082
1937 1884 1160
542 1179 577
1274 924 839
865 702 202
1150 976 337
305 1965 1608
1029 1288 339
1868 492 535
993 388 1976
1246 479 1908
329 416 145
1841 1310 1676
418 585 600
1257 1802 1655
1811 1304 631
148 1609 948
108 990 588
799 1211 1080
1687 556 1820
1663 1802 299
1923 131 1067
68 324 378
96 742 1315
1049 351 1469
1056 162 774
1687 663 383
987 771 1726
1575 1571 937
1008 1258 1493
828 1273 1295
1128 1196 1779
195 1617 103
925 1713 1198
240 762 1549
1710 1818 64
836 1857 727
1571 844 1850
1297 772 1773
586 1780 1383
79 960 656
1727 88 1853
1858 636 1470
313 1561 1535
1511 154 298
1413 216 468
1477 1052 326
556 623 1522
406 273 646
180 859 778
1563 1291 1739
572 1370 179
425 1228 815
247 1893 729
1782 1757 1235
432 1170 1451
901 999 855
1579 1555 1478
1453 313 103
452 845 963
1230 761 606
1321 1333 1976
1501 110 1556
668 357 1449
1397 491 1558
984 1276 1080
435 529 79
1290 460 1986
1121 1913 652
1224 365 1497
539 1948 258
1145 1269 1591
1473 770 1701
1029 1791 410
831 1540 1254
389 525 530
1470 960 1059
1901 603 1519
240 1724 1784
892 1300 502
389 1840 450
648 1337 71
591 811 1194
645 192 985
1055 1023 525
661 1765 1050
1191 1235 363
602 1488 966
473 1728 690
258 620 1990
1112 1362 182
1914 10 1520
1985 953 683
1179 1598 1227
164 1006 603
1042 1667 368
92 1211 1955
455 1813 1443
1421 639 1172
463 897 144
454 361 1506
988 275 1868
860 260 1174
1895 1440 772
1123 1956 130
1726 998 1798
94 1443 1361
401 1898 1526
1844 1672 165
1368 135 1062
1865 941 1423
1371 1930 1698
1592 1142 311
766 1038 103
1890 161 59
21 239 1410
171 685 853
1532 1086 1103
1058 930 775
1576 651 1263
638 516 204
414 239 486
464 183 1981
775 1301 1019
878 1192 1532
1290 1565 1771
700 88 456
1553 1620 1894
656 1030 1176
1784 958 1827
1047 1597 695
1603 363 1287
442 1179 1470
423 307 772
1794 1537 316
1326 827 1881
1449 1879 1969
257 1784 1941
151 793 1323
1327 577 282
1507 1976 231
202 1931 946
1489 373 125
1312 1148 432
84 1294 322
400 972 1501
633 421 1381
602 1030 1165
895 1533 310
218 1213 887
852 1072 1215
1083 1626 1147
29 1116 1872
507 780 1373
1291 864 667
1613 1616 1640
1115 601 413
848 1555 1796
365 450 1329
676 1020 894
1915 225 1966
1131 1660 1593
630 42 1061
502 549 1841
227 1840 1057
895 1806 1025
887 1273 1626
1300 473 1533
1096 838 1983
778 1866 1355
1672 1782 1932
1991 1265 1593
1584 1895 1635
997 749 184
838 977 376
247 224 534
1624 1111 1807
1250 411 280
1135 1860 1471
1470 638 1337
825 662 1119
758 1005 736
351 941 983
338 1938 85
522 1128 1414
1250 1375 1638
1785 999 749
1944 601 1512
577 1736 1724
48 1206 714
1737 384 1729
1209 1494 734
1945 197 1676
1281 535 1614
1366 1409 1095
780 659 822
770 796 174
1871 1093 775
1383 1670 864
1460 70 422
174 1807 1158
1903 1016 652
638 1314 1201
666 595 1736
280 1961 1497
1727 741 509
550 1863 1305
724 1734 750
1851 1469 772
1067 929 842
1490 1456 1002
1000 1359 18
1653 349 1332
1206 1015 1927
1295 1648 240
792 1727 1333
1301 277 1196
959 1001 930
1709 853 400
482 1920 1329
1676 1762 785
678 763 497
1049 768 1198
381 1974 566
661 1269 566
901 414 293
587 1715 571
1783 1026 1924
1066 1088 1129
1466 1922 1402
1147 1598 1164
285 629 279
1134 1678 1047
332 411 1374
1250 1072 643
1816 326 1409
462 1265 1125
1033 1048 503
1309 114 1591
439 1932 1513
1841 1432 1464
1357 1717 93
1637 1203 123
1036 1535 534
410 1138 1959
1406 954 637
815 1768 1902
292 801 1302
796 463 1417
387 902 1701
253 1095 1133
69 452 1202
514 441 405
637 1478 293
1523 1888 1431
1482 1646 737
119 462 506
373 754 1659
1676 1902 122
1445 290 1376
1146 895 471
280 964 1276
1834 1478 69
240 467 1547
533 1990 1788
1964 1473 1434
1053 1944 248
1559 670 1355
1571 346 1257
1693 1791 1899
1422 1289 794
245 1921 110
1521 1756 1588
1943 1996 55
1490 881 398
1278 1197 1871
1065 250 167
1313 162 837
668 1733 1535
1926 1426 1678
1825 1200 968
972 1446 1241
1082 1319 997
671 1262 1345
1078 753 226
1476 383 1423
1699 1800 26
219 1114 188
1408 134 1921
944 412 1699
974 238 900
294 1562 698
1536 644 17
885 1667 1632
231 746 737
809 574 1120
585 626 1273
611 845 387
799 605 873
1072 1901 1286
1123 876 1876
23 1522 1438
1073 1058 82
