800
1422 1056 1237
267 1895 212
425 1603 616
1499 1609 895
1902 299 196
983 1690 1941
1574 469 1752
124 199 282
927 238 544
55 1860 327
1768 1634 1735
1005 254 1983
1570 679 1586
538 178 1547
1433 433 198
1981 1768 240
275 1342 1062
379 1467 1613
661 394 1851
1558 801 63
237 570 1697
1973 1927 1951
308 1497 982
1894 35 1513
1794 1821 298
344 154 66
585 781 1760
1999 1161 1227
1612 174 1974
1463 84 775
1526 322 1697
1575 647 1625
1527 955 1474
861 1201 1862
374 995 35
1024 1692 541
1442 277 1323
1203 276 484
782 240 658
756 1703 743
1884 1581 1417
1933 1156 64
1910 1035 1019
1385 1897 220
1599 623 1568
1986 0 1260
527 1442 1889
1850 645 165
334 1428 757
1345 536 460
440 772 393
1857 706 1901
273 616 937
1292 353 1186
1864 304 161
1432 290 161
692 818 1604
933 1020 249
1450 1355 29
207 1052 918
1019 1844 1690
1412 53 748
1314 326 1365
603 1618 70
1789 1834 727
302 1267 1017
464 311 187
420 1245 1208
1021 695 915
1051 903 319
1969 1922 163
11 1687 216
760 1001 542
477 1604 512
547 1745 346
1626 47 1965
644 863 277
1183 1283 1874
391 305 921
1306 1708 1824
1625 29 99
140 40 1786
356 800 1139
1250 1629 1095
1762 529 840
461 155 1239
426 799 103
1055 335 1738
1281 726 43
203 385 103
379 362 132
478 503 525
616 1211 1677
107 462 1307
1202 576 1836
394 1037 1991
1986 1464 1143
441 871 1478
179 153 556
575 356 1293
678 735 1656
1163 1566 511
1688 534 1722
1717 994 536
1024 196 1113
1212 943 150
1556 1281 1966
699 1722 1190
529 253 1343
1085 828 51
731 1859 786
387 1022 704
898 1062 1591
972 779 585
1509 156 1133
974 1720 428
1476 1276 1709
1443 1975 1431
985 856 1685
328 294 865
379 1025 724
1517 1764 98
574 1014 1512
165 1986 644
750 1847 800
1883 821 520
312 298 149
373 93 476
157 1078 1333
1842 1758 1979
1059 137 1004
136 6 768
234 932 1782
1747 1097 120
391 199 320
1543 435 1141
415 1099 1791
916 1472 236
1393 1629 1314
1078 1823 1072
1057 883 1561
413 1019 1920
1533 1605 852
1667 1704 302
1787 447 501
107 342 936
1601 1110 387
1392 26 1860
1629 1419 1489
1295 497 1665
720 1554 548
633 1967 1919
905 1852 1876
1758 1519 1581
412 1307 380
913 1766 723
202 1367 1833
941 1112 1859
801 1093 1631
643 740 128
308 1460 35
1208 446 354
1479 1351 207
1355 1461 1726
1288 1873 1385
1669 1139 1152
392 1693 871
577 634 335
436 1436 1780
419 431 521
900 739 333
935 1947 779
1641 1426 483
1848 1133 1944
1927 422 1818
1312 91 957
816 835 1002
40 1412 1636
375 200 1424
156 620 1855
1029 1520 594
1714 807 893
494 448 671
1329 297 1805
1273 576 227
1091 1888 318
400 1057 1153
1402 1097 917
1391 1824 1117
815 332 1737
671 1361 1609
1617 1076 416
863 1922 865
1534 1251 1514
1339 524 90
1918 1968 330
588 720 1387
93 123 484
1010 1514 309
128 681 641
217 1352 355
179 1322 1783
595 185 57
1812 1719 1308
1326 1411 184
1768 1329 504
99 1918 1225
1486 11 1700
323 1022 1566
984 1502 247
1977 71 1600
684 250 1274
467 1198 1459
524 1010 1530
184 689 941
721 457 623
1225 556 893
802 395 904
502 1070 278
68 406 132
316 383 204
268 1420 806
1542 1887 4
1353 764 1015
883 948 1704
177 21 161
1152 1247 1070
45 49 1817
949 904 887
1580 972 1645
64 1640 380
620 260 1800
1427 154 1688
1431 1507 804
798 743 104
502 920 126
1016 72 1725
438 469 126
255 1770 1030
1494 1350 355
1139 1767 347
1519 387 608
1672 1814 762
1360 1246 270
516 396 1013
620 899 285
746 267 709
471 705 1178
598 1312 1300
1980 1158 651
335 649 418
683 520 805
1291 192 972
405 1904 570
675 420 966
40 1041 217
677 139 484
1738 963 1541
1268 1561 1205
569 1893 363
1572 229 1012
342 1264 1885
1499 907 77
471 1312 1982
1041 340 754
8 732 147
225 1410 287
1062 1500 1250
603 769 1163
1809 1690 1056
524 1262 1637
1889 1956 901
1774 1455 1808
1851 1927 1121
185 1320 1813
940 1328 545
1087 1906 307
1726 1320 1808
976 275 929
491 436 971
1548 961 233
1537 850 541
439 624 1996
599 827 1923
72 1365 1596
1885 305 924
431 1744 1182
738 1823 854
898 1151 1130
1827 1643 1566
1150 1543 879
1383 1080 1729
1924 1519 705
273 471 1885
548 543 1250
144 429 1907
1421 860 1651
603 1950 1826
1810 849 978
940 1028 621
858 531 516
1738 1914 1596
1467 191 1468
525 816 1939
410 1364 482
1660 1509 911
1567 930 123
1570 1885 426
1397 1695 1627
375 987 1007
1348 1846 1538
1864 1584 1805
1812 1403 348
1632 1928 1164
1571 338 528
406 350 37
1669 1917 1319
1793 1840 1205
219 1589 1252
198 1964 240
1205 1664 86
744 1880 1670
549 44 1073
897 1677 1354
61 1248 44
941 6 395
1331 1676 664
650 1821 504
1855 392 93
1108 590 409
1700 1795 425
1786 891 305
1456 1440 350
881 689 379
235 1102 1627
280 44 1986
1027 1375 1662
1691 25 1483
196 233 1875
641 1693 465
1403 1393 612
1828 1531 1504
486 987 944
836 220 1986
1567 808 1088
1194 1088 1132
1180 115 859
1194 158 1237
677 706 1470
904 1348 1515
1369 751 1260
1982 579 791
1486 1417 130
782 605 350
768 172 1158
1857 1367 598
1341 899 1065
553 446 1224
1790 1123 1930
1612 28 1630
1479 1749 733
739 1731 1665
1530 1569 1082
12 704 1688
362 1472 1860
1873 1681 1579
471 1023 831
1889 1928 1277
1465 1718 752
1747 1330 1132
1378 809 882
463 1900 965
128 1782 887
1211 1794 1591
1251 156 1063
1111 381 745
691 1205 120
1874 1094 48
1151 559 118
1903 306 1800
1036 36 609
270 500 509
1235 980 643
122 191 437
1713 1442 945
1129 906 1327
226 1949 532
698 1823 1978
1098 974 889
1216 1229 1547
1016 617 1584
1977 887 436
838 475 1416
1481 949 1960
1918 1015 1754
863 144 660
190 722 609
1074 1420 432
1052 518 1758
1941 1734 1340
1841 1102 309
1425 1079 1549
213 1917 24
1629 1398 973
1941 1316 340
1696 531 484
356 1074 1206
1318 148 978
1750 1553 1496
1861 1846 1582
1553 1687 684
1862 1464 1763
1411 1677 1680
1435 1659 1430
761 1600 1098
1101 1648 1630
1938 5 704
1496 1323 1204
475 1425 757
1971 1638 604
1906 1191 291
590 1054 1756
354 465 1785
386 253 1444
1817 1366 1397
1267 819 1045
897 757 1402
1953 606 725
1158 1081 503
1915 1404 141
871 1310 1333
1515 253 739
1623 607 1204
1408 1345 1809
1205 1514 1175
954 782 1995
1999 1679 1104
1402 1633 62
479 1143 1495
1334 1058 900
1828 282 562
1513 1797 815
252 1772 1774
1808 1532 1120
1618 737 986
1145 43 1768
1492 43 1448
597 1797 1433
659 628 576
155 1963 1986
1407 143 620
321 1656 769
1489 260 541
1615 68 426
1087 38 1163
74 1184 1207
1842 676 1602
1642 1625 1751
1427 637 379
355 1144 694
694 551 837
1314 1224 845
84 713 1105
977 329 1174
1403 1416 1564
919 1842 748
478 1685 1777
80 1679 1754
183 1107 391
562 1462 1535
1609 156 438
446 1471 1663
1644 1907 376
749 1236 1057
275 640 826
1840 1911 668
940 389 705
717 821 385
824 1004 1492
1215 1918 954
751 1527 1463
1189 326 1286
1204 1970 1193
1933 1071 429
990 1347 1421
168 1187 1332
1189 127 73
1894 1197 894
279 21 250
123 1588 521
1430 691 48
893 233 726
179 1437 1048
1724 1370 120
505 713 1467
1927 881 1006
1611 70 1133
37 1965 682
1283 596 1055
1534 720 996
407 150 1687
455 1395 1920
1534 1574 1358
582 1650 1080
702 155 1793
169 434 675
1175 398 1097
661 435 1414
1695 1718 363
1103 1604 1435
99 11 1937
138 819 1332
59 353 1258
1769 935 908
849 1638 1415
995 159 1850
22 1687 600
1471 348 1035
886 395 1105
1249 1498 1062
684 1597 1073
621 1736 244
305 147 597
1563 268 1885
823 1469 1875
238 464 34
440 486 1721
1040 1958 421
427 1196 817
1533 797 315
595 1833 265
20 454 1
265 1111 500
1214 674 768
1099 1849 237
1326 439 702
1361 880 1540
1434 272 1850
1856 1052 1398
673 585 195
1340 1532 28
1605 1904 834
1958 521 1945
458 1736 971
1578 1187 820
1816 514 1260
870 1875 492
410 1661 1116
613 1517 168
11 542 1105
207 1883 989
587 1840 894
1422 1799 1415
1367 609 1503
339 188 691
1511 356 1205
1123 1226 1432
1967 1636 1445
1436 601 1315
1604 613 1857
1062 1172 92
403 1759 285
1297 1181 436
1065 901 1045
568 1592 1585
1259 1103 1941
816 227 1167
600 546 1156
398 1982 109
1713 1939 1074
1570 1353 246
15 1756 358
300 1054 1891
736 119 792
133 1039 384
71 651 1840
12 1819 419
1532 772 965
1040 1170 948
1149 883 1239
576 805 592
822 820 348
1180 1472 1754
1424 560 225
216 694 1265
953 765 1916
793 1129 87
1212 1013 859
177 405 29
1477 1907 1264
1068 483 70
1660 1657 1242
361 1190 715
115 614 1275
341 830 321
1958 1783 1438
226 928 920
313 140 1933
1525 670 339
1554 499 598
1171 1568 1081
1241 1580 738
483 1941 1928
1550 409 542
826 1102 1725
1147 1060 1860
938 1638 789
1858 303 929
1791 1828 1951
482 1735 451
1432 906 371
513 147 1951
1604 982 245
1884 533 654
427 1711 1756
504 1210 1168
364 148 806
1153 6 1109
435 150 938
386 984 1025
1189 417 1931
1560 930 430
1512 886 1412
109 771 297
763 1550 8
519 54 1571
39 418 1719
845 1924 78
306 359 228
1596 1097 1212
621 287 1981
552 199 1264
982 63 150
747 172 921
1396 935 471
1757 1806 877
1328 197 1648
1399 1042 1572
1477 1349 283
57 1297 1732
1622 1919 19
1603 471 571
867 1806 634
1370 553 807
291 301 94
1115 58 253
344 1386 450
1992 1138 1845
1564 615 1546
199 1025 843
1932 647 762
303 602 1234
874 1822 1040
1861 1192 1945
1020 1483 246
1114 950 657
1719 1295 395
170 1287 1533
15 1204 501
1561 1755 1526
404 1687 525
1167 343 1479
753 1569 1301
145 1430 493
90 450 329
688 1917 1631
1345 1636 926
93 158 566
1626 173 122
127 86 1877
5 491 1917
882 10 260
362 763 181
1663 908 1964
509 1350 766
1190 390 683
821 88 672
1748 181 830
666 159 1356
788 639 1442
1017 644 285
934 1879 295
1546 241 1410
80 256 670
44 1117 20
810 307 763
1846 1129 851
870 1229 1384
52 247 1543
1408 1035 182
1203 404 827
1840 1691 1058
488 1237 1299
1898 1669 1907
921 1713 1025
1293 524 1684
56 722 813
1259 1592 394
643 1996 641
187 1405 28
369 960 433
1548 800 124
606 1640 1713
257 1891 1383
517 812 1096
1894 105 1972
1578 514 1046
744 1773 990
1490 417 987
132 956 744
160 1677 1704
945 1226 856
1421 184 497
1135 794 740
870 1311 1552
318 1557 9
643 1487 523
1689 231 297
680 1722 1066
19 206 374
763 718 51
819 16 1629
27 1437 166
876 924 960
1616 1794 623
1168 113 180
1178 756 1667
53 797 251
702 1829 325
1768 1848 883
494 963 1601
546 1782 1617
175 1810 1055
341 686 1979
1653 303 126
628 1823 239
808 1001 1347
828 1407 496
1431 109 326
108 230 526
991 724 1490
592 1270 1272
562 1798 1434
1617 491 121
1948 497 776
426 1125 599
665 286 1953
364 1466 1360
861 897 1469
1539 1005 1699
65 1996 424
1907 940 46
1180 1502 196
614 1471 688
1087 1772 1537
1863 198 662
463 1216 948
768 1580 414
128 793 1663
1597 684 1020
1649 750 1368
425 1009 309
823 541 163
1020 1508 1635
60 595 1407
1597 811 1957
259 1274 1173
1560 42 1106
326 522 1899
1990 471 584
1362 120 1686
731 897 1047
1392 1721 1589
1555 741 1097
1542 801 1692
1301 398 503
1259 1009 129
432 569 523
1890 1248 1397
1790 1238 1869
726 600 341
764 1683 1239
1811 1075 960
1400 631 53
497 173 854
542 1827 1604
1397 1086 965
1879 1870 1887
402 1761 1135
152 1903 725
21 981 1325
362 1745 1361
1601 1908 436
913 1661 1419
1318 510 1945
524 1052 1772
128 802 858
1446 681 1080
1333 1435 841
468 1587 1096
