3000
554 940 1422
639 884 884
407 1124 1506
1962 226 519
655 1466 1326
603 476 1278
1680 396 741
1870 1478 699
1291 1145 343
233 879 843
922 1433 1783
696 424 667
1581 832 143
1439 1146 721
1958 1801 188
1284 405 1016
914 437 1764
1656 659 1243
355 1950 740
1051 536 1971
1894 1810 1405
1677 506 1829
696 439 1013
840 1879 159
1561 1837 1961
101 1474 718
1469 740 1155
1586 396 1814
829 1104 116
1921 155 652
1893 49 462
1298 78 1321
1479 774 1760
845 1966 1991
1004 1880 181
965 333 7
35 155 747
1190 1741 1144
1004 570 600
1121 491 1107
125 384 1508
588 34 1586
1909 1866 712
21 1063 679
13 67 911
546 1385 1596
553 1420 1751
1300 611 1492
796 1967 62
1748 1088 906
855 1566 1642
363 154 29
1949 415 247
1014 436 1310
45 801 1377
956 1347 1114
552 1900 535
304 1553 1146
1796 701 1113
211 450 554
1469 1305 120
1463 21 626
1844 1970 1041
91 1336 1829
1753 1381 631
1483 337 1978
597 1242 231
1132 1898 136
630 46 837
96 609 1287
1002 78 945
1122 1894 966
100 1738 1288
1141 1830 625
1322 1935 6
1953 1418 696
284 16 290
515 1500 540
1003 131 586
1840 579 1196
1480 1581 1626
425 1055 1520
1743 1155 1259
1031 648 1441
8 1970 1376
367 1924 795
1415 208 1163
57 1075 1015
597 78 1498
1183 270 77
379 1750 1658
358 527 713
1878 622 1868
1137 1654 868
930 14 839
307 381 1115
1454 148 1675
969 205 1102
1984 802 1180
1483 1986 1802
1912 717 1553
1571 1427 432
284 1306 1055
505 795 1061
1725 1726 1427
564 385 161
31 1839 309
1706 1160 515
1160 1144 1669
340 979 7
495 892 1077
400 815 504
832 1451 1810
239 308 958
1652 34 684
1080 950 1421
1241 982 1260
1902 1040 772
769 201 1916
439 893 1248
446 1388 492
1523 1788 1307
380 973 1110
190 1564 1419
1500 1217 1453
184 297 403
1957 1890 1737
1569 1792 778
341 562 979
258 1001 224
1858 1799 1613
350 1675 1753
9 55 1078
1119 597 643
890 98 1860
695 634 509
1099 592 399
836 161 543
1966 503 1105
1297 1113 458
1522 971 258
1487 1673 285
1592 34 692
1023 1505 1289
1666 396 1387
1878 1091 374
739 542 966
1490 1731 1479
33 49 334
1139 1347 1447
1597 1221 770
207 1060 795
844 1004 829
1536 27 687
826 45 1083
565 275 526
1291 1014 1421
609 504 1152
89 538 1201
423 29 900
223 1978 473
993 538 1533
141 1382 538
970 1271 917
1657 97 963
1092 1014 1238
1619 306 605
1392 915 1109
544 1356 1999
97 132 380
998 355 711
1471 1700 1249
1357 1841 983
247 1164 254
1164 821 703
479 266 1718
70 237 376
675 1629 1643
136 173 1000
488 622 1484
868 1620 1839
1931 1444 1891
1180 1153 85
516 1400 1249
770 916 422
1826 1396 688
1896 1818 1277
272 493 906
267 981 1431
1267 1469 54
1103 690 26
1294 621 1822
1186 154 975
1623 670 375
872 1792 1644
1646 1618 1392
335 1514 1210
1612 138 1703
871 406 1036
302 25 506
356 1129 1196
735 423 1817
557 1961 1971
1533 1584 993
260 808 786
1904 455 756
1296 1142 271
858 1106 761
913 1977 1519
1950 632 1545
456 988 1026
4 1723 1801
173 633 1763
497 166 1699
1490 778 860
628 1035 1315
1385 683 809
8 1542 1915
769 455 245
289 405 877
186 1213 217
1212 1217 293
1365 1391 926
1480 240 1444
1180 1730 222
392 359 1257
1707 96 1941
516 104 1835
783 1225 290
1028 1514 1048
1905 52 261
123 1616 1831
416 982 1574
1694 462 1814
1138 1994 1544
1360 386 255
970 445 351
1263 1313 807
1098 97 33
1388 1125 1547
436 1383 1952
1050 1858 1568
881 626 902
455 320 1717
269 1458 63
165 1170 450
773 140 1247
1476 1403 561
284 501 658
317 242 135
216 678 1870
168 1728 1728
89 961 706
1343 1416 1026
1060 37 484
1124 555 7
1926 1680 147
1173 1156 1903
1734 1440 404
744 109 998
1232 678 29
1454 1198 109
1183 1287 1071
241 631 839
1268 43 877
104 1167 1784
111 1093 1464
611 619 972
514 705 413
1270 1450 874
269 1034 1552
298 488 751
407 23 390
1830 265 1373
670 1885 1417
1899 1989 584
1683 453 30
1499 1064 649
471 1578 1354
1236 1200 1156
111 1469 190
15 119 1031
766 879 1406
1509 709 23
882 1379 1908
299 1278 250
884 1313 703
1266 812 1767
1915 1636 1697
1269 872 897
426 983 719
968 1351 838
1999 117 69
1758 1626 779
1781 509 158
42 1160 1789
292 396 1454
995 1662 619
1114 1577 255
811 847 1127
60 1625 463
779 593 1814
1970 945 283
39 703 1910
1170 836 771
1329 878 283
1470 1170 680
1276 517 342
1895 1983 272
502 794 1471
1630 1207 1096
445 338 1689
259 308 986
542 700 1689
804 1870 878
1927 1551 1756
211 1373 1279
1243 650 148
1585 897 132
209 1400 1278
1680 1030 485
776 1827 824
818 86 1484
156 980 184
1846 137 407
1076 64 1958
832 627 1684
463 1870 334
612 1808 1231
744 17 983
22 50 365
508 826 192
1684 1996 278
1168 153 1611
1705 351 1748
112 1427 1812
422 611 792
106 1075 1014
792 1687 822
376 431 1192
1359 453 1242
1725 1313 420
1917 997 769
548 518 1274
159 223 1625
1907 687 1404
71 1109 15
1215 1568 1442
230 360 1129
1404 736 1912
596 96 718
190 173 31
963 90 1381
1732 638 1899
1006 1149 474
983 1408 1513
739 1480 974
754 695 542
197 1277 1255
1678 682 1991
1591 1630 439
309 1821 612
692 784 703
73 868 1693
324 226 843
1150 1209 251
1015 1948 83
1990 1054 1131
532 1603 408
1787 1634 1090
131 1225 1073
570 1886 894
1183 930 30
238 1004 898
1931 1680 1124
1126 1183 685
1730 198 985
1813 188 39
1296 1073 1995
1705 1212 1629
1147 1695 1206
220 266 1444
1466 1801 374
1496 39 1730
746 322 1763
222 1449 946
1259 1179 1496
244 1344 37
636 993 1462
983 1050 1026
612 549 722
170 1122 988
1614 588 1141
1988 437 1180
1719 1535 1502
1482 1758 1303
780 1017 482
276 1614 179
665 250 1172
127 1585 222
1154 197 771
1876 719 1893
1216 333 834
357 673 1271
1537 744 1158
1391 578 916
695 1358 286
1529 1987 1900
1708 652 502
1232 780 87
1806 1934 636
930 162 1707
1175 1378 392
361 87 1065
1984 1976 162
1143 1367 740
59 62 451
697 1944 790
949 4 1442
1803 1237 574
242 1395 860
1230 677 1022
937 1853 752
1329 214 839
395 199 815
909 1342 535
1649 1753 949
452 803 893
1242 1752 898
1037 1908 487
1611 150 1882
824 1381 560
198 318 765
951 0 979
142 747 1530
1310 1656 1224
1845 1657 1330
1146 110 133
40 1352 237
938 389 145
1425 353 648
1659 1177 29
219 1375 699
984 678 699
316 1173 1446
198 483 1454
1423 680 1112
753 1826 1222
886 218 926
1475 1156 1668
1621 933 21
269 593 1198
650 1164 925
1701 501 1604
401 1169 777
199 1367 1612
6 790 644
1118 1543 470
692 781 1041
1618 257 197
1286 230 1483
1659 851 76
857 1501 1592
135 1202 93
1739 1955 1614
868 507 982
832 513 1772
1476 1631 1668
298 675 801
1339 293 1058
1889 1932 1288
1372 1591 139
1800 801 1992
1392 936 1195
1838 1027 1502
1452 1895 9
434 727 522
559 555 505
227 853 1180
1028 193 1826
439 82 110
79 1454 53
571 1606 854
915 998 1790
110 1188 1169
1965 993 1064
1974 1427 143
849 338 698
1354 917 1904
887 298 97
1065 1089 531
1175 1168 337
1228 91 1943
435 1007 1293
577 1469 482
1747 1434 1475
811 1409 1254
1307 610 1945
357 316 862
261 1203 1512
710 268 601
1241 1795 1770
1930 1376 213
1873 1811 1220
1167 388 690
1 135 124
1828 1299 1885
1434 958 495
1379 1315 812
594 1577 367
106 639 988
708 1881 1135
830 1811 511
1043 37 674
616 1556 1063
1306 1557 1550
1782 1737 849
20 1171 159
515 903 1475
1679 1497 1404
399 1955 43
1739 1015 1924
874 197 88
1738 1241 125
412 1857 33
1475 1515 1590
1378 1297 1679
579 1317 1202
739 185 105
214 216 1954
1618 967 1910
13 706 1277
1938 1581 1475
378 1319 1068
855 1731 1277
888 1559 792
830 937 441
509 1868 1759
63 607 296
169 821 864
475 791 1832
385 805 538
15 1095 119
1490 1825 1790
558 680 1874
1835 1920 1433
979 750 722
1420 1611 590
1531 1674 1198
1827 195 371
692 671 1515
524 1408 320
1414 1423 1767
1886 913 1592
1676 1823 624
1550 10 544
1335 989 1294
57 410 1257
1000 1941 931
550 121 1127
921 813 150
788 1689 1558
1460 1455 982
1227 1341 247
1171 1018 71
1795 920 433
339 256 1423
1985 665 1833
1242 17 126
526 567 247
5 1841 1060
155 629 1101
1713 90 557
695 1669 1898
1295 841 1268
1718 636 189
151 1328 797
1574 1313 1462
1759 556 1480
1886 1434 399
133 1439 240
1546 1594 1222
999 1307 1312
1556 355 981
1807 1650 1822
1427 1720 811
1968 1871 139
765 1798 1452
580 1557 360
412 1443 1794
811 1577 1585
1404 1123 1179
626 122 839
290 31 1546
1271 190 1548
1446 1969 1268
257 1938 1491
748 703 1289
200 1635 847
913 47 290
1059 1211 219
645 615 1694
176 1593 169
1367 1883 552
913 1506 742
461 952 1063
81 1561 1001
1573 661 57
862 862 1692
1709 127 92
352 1186 1303
923 183 270
618 712 1863
787 79 1746
1691 993 1252
785 1806 557
1848 1888 470
850 1813 1132
1259 675 346
1303 737 473
1395 1441 11
1050 364 547
1672 982 1259
1535 121 1338
1633 1812 683
1238 597 842
1795 446 1082
265 1648 895
1749 907 1922
95 210 659
920 1958 100
932 1360 817
1479 1033 1799
1090 568 273
780 554 85
1816 1792 1035
658 1939 1833
1740 204 1833
987 306 1092
909 401 1654
1569 1322 1612
21 606 973
838 437 358
990 1527 1278
1263 659 1832
1700 475 1976
1087 1133 1915
920 1225 472
1105 212 778
197 1474 1179
1852 1395 853
1816 1416 1459
1141 607 1896
1499 1949 1775
778 1212 435
962 1264 910
939 352 396
854 1624 1973
1326 730 538
104 927 12
1636 1131 1407
489 948 1175
301 89 134
197 1589 83
325 719 1647
1112 1681 912
374 972 1616
770 179 1240
1096 1505 322
1634 1962 1250
1998 1598 733
1757 439 1681
932 740 1771
1419 1290 1712
1502 1615 431
1150 727 464
414 1101 1437
30 224 1616
1270 1320 1473
1593 1306 1787
1195 1304 1737
1928 1061 177
1962 345 917
1733 1764 559
1797 1619 174
228 769 1253
1044 1183 707
833 1213 931
801 835 603
275 780 261
62 327 1565
1800 608 978
329 570 1675
1598 655 1440
158 452 1059
684 1032 180
290 76 1715
997 910 928
280 1711 115
1235 338 896
1496 753 1223
1061 905 1831
391 1234 753
66 832 1408
1858 1342 1860
917 379 892
1449 669 1321
1164 18 583
444 298 294
560 1533 985
1456 1029 1738
1031 442 643
1215 833 229
1968 1251 1413
1377 1110 756
1589 27 1487
834 1477 156
507 993 174
1090 1438 824
1736 1998 357
721 1806 1738
811 1189 180
1454 404 1365
35 373 616
1449 102 1726
557 43 106
44 877 1935
552 1384 928
726 474 366
1902 211 716
259 1284 522
349 96 1712
529 1902 468
246 1938 841
862 1387 1295
941 1944 1339
1047 340 568
1334 892 1953
262 1970 779
981 1872 1342
1697 483 627
572 832 1075
636 1713 977
1104 1959 915
1946 1173 654
1593 114 950
932 1513 1290
1501 1199 534
1806 1814 856
937 795 728
280 844 1563
1259 1768 395
334 404 460
1663 1509 419
579 1807 1945
1585 1400 59
536 685 1925
178 538 1124
713 344 938
1921 1281 85
650 1913 1282
565 1172 1050
1313 1858 1455
1773 1522 964
545 453 1123
490 38 523
901 926 1560
1178 1105 98
303 170 442
1593 91 76
1679 1093 1989
961 11 1514
363 1324 1724
1818 1097 1246
1134 1994 51
257 484 442
1133 1738 1368
693 916 825
792 1219 1347
1586 1165 1791
1662 1196 1236
4 509 1247
1870 872 571
1594 691 21
1193 1825 15
1244 435 500
1686 1568 590
1407 261 1506
584 1405 1078
1932 992 243
75 654 1439
1311 1010 1948
559 880 820
1130 475 1863
1503 1668 41
1519 1264 476
19 1303 396
609 1062 657
467 1646 63
1545 1930 1407
140 5 61
1579 1317 1424
1879 228 304
1052 1710 1131
1267 1214 799
1308 733 416
136 1104 1719
532 65 781
1190 532 779
1605 430 710
1012 570 715
1425 502 384
849 733 964
1506 137 675
637 1405 1889
1789 713 974
205 1202 78
276 1734 495
1409 1276 1027
540 881 1457
1250 245 380
318 23 882
1054 1224 1615
19 730 1753
1046 1720 1510
935 1861 575
261 418 1777
691 694 1512
1186 455 788
213 995 22
23 598 619
755 916 642
1637 322 1867
1604 341 949
1709 1739 669
1219 674 530
1795 1287 1300
1924 1978 1994
1436 1164 801
577 1730 149
599 105 747
1218 860 15
213 849 337
432 805 1031
1381 515 770
403 86 1797
1285 233 1084
586 158 1063
932 1946 579
1734 523 309
1883 1474 414
982 1045 1626
997 1258 475
1686 1690 1633
717 1423 500
1488 178 586
1637 1464 1172
1073 402 1682
136 1334 1980
716 1420 504
1377 1655 330
144 989 1375
1770 1986 985
598 1673 1027
231 742 451
731 582 629
1669 219 445
1193 1293 847
875 1781 534
1208 849 306
1712 227 1962
394 723 951
1770 493 1290
755 1443 963
1783 1674 57
586 757 640
1567 779 859
13 1972 504
860 1200 286
1746 408 1135
53 472 1714
367 866 437
1318 988 1283
960 96 726
275 231 753
333 817 1862
973 384 641
184 749 614
689 1962 166
975 1708 574
462 1761 1398
529 128 616
1318 1799 1605
953 759 1701
32 1035 284
785 1720 1101
999 693 1837
1641 877 939
607 1918 901
773 1245 609
1699 60 723
1449 589 851
65 259 650
1670 1213 1762
1723 1245 1149
7 382 869
1460 1381 1562
1650 1022 791
589 1981 710
1490 1106 1955
451 805 15
1174 254 956
26 672 1216
1028 342 429
790 418 1674
291 425 56
1160 238 1789
1074 1888 812
1866 477 1145
928 319 252
1235 770 1057
1603 1945 1664
559 323 336
127 1351 1030
556 494 1448
582 785 226
990 298 464
780 1372 704
1944 1590 1533
1089 870 1852
1341 106 974
751 1709 919
767 620 1594
1455 748 946
837 1656 1792
638 239 929
864 1581 1227
1680 713 952
736 657 894
269 99 1765
473 1792 1871
1447 895 1932
719 14 552
313 1469 1300
1611 307 1309
1755 1297 1548
685 161 1481
264 193 195
1216 929 1204
463 1550 1303
228 23 1448
451 1470 343
383 541 358
1287 855 179
940 818 838
249 574 135
149 1259 648
1630 1875 841
1825 1444 122
1030 1907 1672
685 135 1695
485 586 1518
829 1321 59
1539 608 1266
1718 1548 437
909 149 1011
1044 298 622
1693 1929 497
886 106 1941
1009 1488 1848
1033 174 1983
1081 659 921
951 1840 242
1362 1731 1203
629 1450 1103
1066 359 1253
429 1755 1551
1051 1448 1832
1548 687 1939
1842 48 1779
1690 1081 1953
26 162 965
947 1113 1157
1542 828 889
745 1457 691
200 875 1402
1453 1656 1157
1357 707 958
1541 607 1645
1832 449 1693
1612 492 1126
1917 518 1641
882 1817 1106
392 1359 1934
1281 456 1743
324 657 618
1726 462 626
1235 171 1333
193 65 293
190 1897 742
235 1509 1234
1362 1779 104
1003 1013 1922
109 1405 1281
44 1038 90
1787 1362 1099
758 1440 1913
1384 676 85
1070 869 502
1363 1060 399
457 1295 261
44 1009 40
500 12 1405
422 474 811
56 518 201
146 657 1564
1597 1767 1004
1510 1152 1680
1947 574 902
449 289 314
1201 746 1961
1814 1142 971
206 1643 983
1611 417 1809
422 473 679
624 971 1337
540 568 1456
1896 431 960
1577 378 1534
831 1180 1823
1145 381 922
1106 547 416
77 753 411
1413 364 829
1222 1139 1302
1902 115 274
1591 655 1194
1047 551 1625
8 480 356
1894 1311 1536
1718 456 269
992 1915 816
1408 1992 1569
1820 1757 285
649 1332 1424
303 1586 1539
929 1529 546
476 928 1450
101 936 282
809 1183 1594
345 1253 402
966 245 317
1782 5 662
1703 177 771
1989 1178 455
1413 1482 41
1305 763 1570
203 1239 499
1653 1341 1787
1936 150 1322
1882 848 575
636 1814 820
1306 1949 826
320 1652 1355
1091 1641 534
1547 1407 16
1940 712 779
1511 915 19
362 921 1712
501 857 214
1824 1091 1414
399 1727 1581
1572 1033 1530
750 1353 1182
105 445 1176
639 344 583
1007 284 1647
139 147 914
510 861 1835
222 1715 1044
788 1539 135
555 290 1863
136 214 896
1666 964 602
1200 1422 1399
376 61 1743
1311 1421 379
958 1560 879
225 70 1740
60 644 1807
1105 1432 1698
1240 1987 1989
1455 123 555
704 141 1520
1306 1342 1294
705 70 1355
800 1382 776
1179 692 688
58 917 758
151 1330 1402
1958 435 1187
1657 27 1526
1998 1835 1650
553 539 143
425 197 1485
1719 902 1908
1427 1702 1642
555 1233 686
1244 1644 1956
2 1795 1286
1757 105 73
944 114 452
470 112 287
472 1018 826
616 1443 1023
453 1515 277
713 942 331
355 1849 1565
1042 1093 1209
998 1448 1356
284 1557 1461
709 501 1576
1161 1323 40
1449 148 1058
627 1116 854
3 1569 721
632 283 1663
964 990 1512
881 32 958
90 1382 406
1798 18 1963
1611 727 816
1539 1889 491
1580 1690 639
990 317 1755
196 672 1677
917 1305 1960
932 269 1302
445 1150 1335
1755 1592 1069
513 1742 1088
828 1353 1815
1644 893 56
135 825 1746
1127 167 64
882 364 736
559 1633 393
871 566 662
174 1363 164
1861 1118 108
930 1631 1850
370 811 1556
186 455 449
242 942 1626
1989 69 1793
405 1304 509
1493 215 143
1887 1087 1061
901 1613 424
1418 1826 1894
1526 756 1877
1729 1127 688
1285 1665 1495
86 1907 789
1712 248 1211
1857 1005 515
719 499 730
1214 738 169
275 1639 1782
1051 1409 1960
1297 936 717
1174 1017 196
214 302 213
61 388 472
850 452 721
61 309 1726
928 1380 577
11 594 1315
532 869 1307
667 272 1068
627 1569 4
1696 743 1373
1892 1309 1675
457 1370 415
930 573 1219
1651 634 1881
1729 1915 1261
659 278 1856
326 810 725
1633 1829 1350
702 457 919
1058 153 15
784 398 1324
811 855 1047
1227 1785 1620
446 1788 606
327 1870 873
1941 529 1151
1797 855 314
874 841 143
224 1895 600
1144 1305 1106
1511 89 1504
835 901 359
1882 480 497
1854 1278 637
461 1958 507
1334 1899 1036
486 1696 244
1152 922 1437
1295 1147 1332
248 643 989
1354 154 1079
858 1341 332
1569 1576 812
418 1782 90
1056 243 400
1915 1578 299
1304 416 347
1548 1920 1270
985 1215 769
669 1815 1764
1658 1169 270
1089 379 1963
1421 301 1539
585 1071 1322
676 127 1917
1428 395 1847
1728 1699 615
75 1247 535
1697 584 103
466 1253 1918
582 1263 1440
852 353 1819
816 1774 472
707 360 1544
381 1388 23
299 1168 418
498 896 117
1114 1324 1716
1649 1021 300
1752 1840 1905
23 774 1169
1463 1627 1874
1282 795 0
1755 1854 712
1651 236 452
1674 887 1621
445 1385 517
562 851 193
279 501 1215
931 605 1407
1189 628 181
358 91 160
584 1726 955
584 1833 1162
1297 1484 1398
1749 1510 637
1370 1955 374
240 518 1226
433 1149 79
0 80 1036
1759 1269 1665
1941 1979 108
453 915 1834
1761 1500 1667
923 797 1503
673 898 1014
1310 621 969
36 861 1839
1614 1646 1340
45 1647 1773
1082 1406 1394
747 1699 1374
855 153 641
690 1914 141
709 1189 1290
213 1862 541
1227 1524 1162
548 1912 375
740 1527 21
80 1572 20
1853 654 1779
1248 1753 1830
974 961 335
1615 3 249
1757 712 1790
1399 1277 1652
1940 856 1176
1102 1405 1089
1829 145 968
203 577 892
223 431 1899
354 1679 1652
185 1005 965
872 620 968
1474 729 33
1264 129 1310
917 421 519
445 1876 1924
1886 1705 421
1206 1908 1350
99 484 1781
1998 838 1812
2 1375 817
1320 248 1790
288 1722 871
673 1338 1352
336 255 1774
855 1053 1650
1131 1291 1355
1904 498 1616
1254 597 100
1388 947 1290
1200 1301 1018
370 621 1618
512 1262 1692
1383 1935 1030
736 623 1638
862 1830 691
512 1313 1982
219 1217 832
1835 824 1781
287 212 728
1578 1764 382
596 134 1003
566 998 265
258 734 553
1288 1470 1528
926 684 1359
1969 1196 672
304 1767 242
1136 1603 1066
918 242 1278
1998 1820 1394
380 768 1881
1384 1334 879
1 1944 1613
906 1233 1435
435 511 119
1794 833 1667
818 1137 1435
1060 273 1390
478 1543 1632
108 1542 1805
1503 1922 925
1384 1658 612
615 1660 556
229 566 141
16 1001 1005
488 1147 1838
155 318 1327
1942 1730 1600
1684 209 1144
1669 317 1038
1826 172 960
751 1556 619
1715 524 631
624 1105 1197
765 1121 551
122 1609 1698
312 117 368
1639 411 99
1592 96 308
736 117 977
126 1943 1150
1086 1046 706
57 762 1230
688 1386 335
1886 503 1809
789 978 1770
839 1290 1887
1208 930 651
1307 522 747
1967 1610 864
944 1736 1159
94 1174 205
1153 1232 1319
735 272 705
1423 510 1561
1584 1299 539
1354 139 1829
1594 1347 1111
245 1006 1633
1344 973 1595
208 269 1683
1719 364 858
1924 1869 442
1244 956 1066
301 379 1577
1862 1963 876
753 1318 1367
583 1264 714
1694 1509 72
1680 853 1397
1627 1413 1667
1311 1132 383
521 1408 252
1315 1004 1560
381 1658 1940
310 1872 255
1187 626 1925
554 1209 1189
1621 1255 698
1693 1287 1903
1443 1267 1316
1110 930 800
1493 1803 561
97 1118 1565
1657 1851 1223
1949 162 1096
205 1701 74
482 607 1283
1672 580 890
722 274 530
978 1717 1797
294 1179 1079
1447 1024 882
8 1121 0
1573 1130 203
1149 1080 717
597 1637 418
671 471 1378
306 143 1958
1548 1218 584
78 196 653
227 842 1832
1306 289 856
188 297 329
540 223 1460
1096 1372 892
1813 321 881
584 992 1352
1962 1650 1848
272 1198 1066
857 1629 1614
1862 1856 808
1695 1515 1098
903 1703 1395
1233 596 1618
1045 1692 1342
289 1505 1663
1170 441 1007
522 755 657
370 1028 208
1788 237 1837
1754 99 1693
563 146 1208
1661 1050 1264
1408 635 1860
1379 32 1552
1073 321 1409
737 1491 203
96 13 958
754 736 338
962 524 575
799 279 675
844 842 821
405 855 223
1669 263 1210
1881 1994 1242
1785 1068 1563
1546 157 1054
1749 253 1420
708 1359 156
1046 673 680
1974 1824 1311
1001 669 505
1822 1426 1360
398 1095 1976
1608 1328 322
851 1113 1390
414 659 1547
1821 409 1801
1241 1469 1512
1397 867 186
429 841 10
93 1842 679
950 17 105
311 767 1552
639 375 880
961 1226 1993
352 1993 1005
251 166 1414
404 1407 1235
1917 1156 102
103 1937 1296
113 30 1490
1145 981 1859
1602 1644 626
1507 635 1354
387 1596 580
733 300 925
1738 904 1091
1504 1308 850
1091 1225 6
1193 1680 1944
841 1794 326
684 1291 1659
543 893 1303
1522 400 290
876 1140 239
1808 225 539
1086 1963 1795
529 1819 1104
1380 910 681
1386 455 362
1682 1649 508
361 333 1799
20 1228 1044
1676 1102 1797
1966 1978 937
205 139 1514
1097 1225 1477
892 1754 1648
348 1134 558
1030 873 1365
1392 907 1014
252 1268 1347
403 1289 928
1447 1317 30
1596 1283 361
885 1841 500
399 938 77
228 182 183
1876 531 1670
434 1561 895
152 1305 1802
1166 1557 1071
866 1960 712
1794 1759 29
176 1356 1664
889 241 1505
1741 641 795
1818 869 978
354 1098 1509
24 1884 1070
919 36 727
1073 1203 284
144 69 596
1208 215 355
1589 743 63
1254 1633 657
1111 1374 1298
1907 1545 519
885 1899 1617
394 275 1502
1816 1194 1538
543 267 1093
1179 764 1514
1775 324 1729
482 1914 473
898 1168 458
1555 279 1832
853 538 1729
1724 1423 1980
1694 169 255
1548 1985 1801
1438 528 421
532 59 1185
46 1834 1861
128 669 1775
601 1567 1295
1059 1122 1927
1243 327 465
1325 51 1889
1305 97 58
1561 1645 396
1714 1084 924
135 1968 984
1672 14 1170
1534 142 191
1661 1095 1758
957 506 880
884 102 1559
1349 1427 1963
1590 732 60
1 645 58
397 712 1142
1673 847 1462
1009 520 1476
180 406 1971
723 67 1066
482 1024 1925
1714 260 27
1274 1962 1806
1237 1904 890
1649 1905 1888
1707 302 600
1201 1976 1447
663 1337 319
492 1869 1077
815 593 1145
233 1075 521
158 1141 1134
537 415 1096
343 4 1352
1234 6 1258
1122 65 1912
74 1619 240
1521 282 1578
193 1126 1447
1270 1941 40
767 175 1467
1641 685 609
775 1223 1376
223 1566 1733
1575 1152 91
1185 626 156
1098 700 1775
1338 574 410
916 767 1536
716 389 1830
1108 1157 357
576 798 1042
1537 1573 265
1265 148 184
1350 1723 1336
1441 1261 315
1598 359 1015
1725 1697 1589
135 966 708
24 34 1098
206 1142 255
563 70 1405
1605 1959 978
223 1225 1478
407 927 1553
95 369 814
410 319 1173
1778 44 1223
1367 532 541
428 908 575
1526 1114 69
1781 1677 492
1186 1634 451
516 1857 28
346 264 956
1899 712 1677
714 1122 1996
239 1252 40
1814 620 924
355 1400 1832
1282 926 946
1704 1059 975
196 597 610
999 1465 819
1380 1811 1436
336 62 148
13 776 1622
361 1368 875
753 1182 1847
1678 1890 1247
1862 1524 173
1161 1580 1584
136 128 181
1098 1128 1646
1918 508 1809
1706 1196 1871
1854 1561 1000
1828 1922 720
703 1027 1902
902 705 144
149 920 21
674 81 1601
610 217 1730
791 1668 858
789 1938 1718
950 1644 1266
822 1850 827
174 1678 1101
894 734 128
1148 1636 1186
1293 138 106
1314 1164 539
915 1775 756
645 918 424
1855 60 362
1925 1010 358
1191 184 208
370 358 1887
1823 1252 973
304 401 961
1490 46 1451
1948 1360 616
487 627 743
1595 1625 1661
372 1832 1721
1086 1758 1084
1445 1301 1268
1653 1672 1627
1892 1847 879
1217 151 1632
179 1993 1678
1630 1941 1390
598 780 370
1341 728 1995
1355 1100 1827
1076 538 1937
160 1983 1591
1429 1989 1615
1408 233 1462
639 1803 1614
272 1982 1607
302 1964 1901
1693 563 681
63 1904 1761
410 1259 1213
589 688 1752
879 1200 87
470 981 428
85 389 1014
1547 1381 817
1513 5 1151
1121 307 1115
1022 352 1678
55 767 1935
1817 1529 1546
1030 119 586
1134 1350 139
1574 1820 1120
2 257 1862
1016 156 1243
185 1670 1600
1336 791 1907
452 165 612
482 572 1379
769 389 909
668 1772 1380
1254 1258 730
1393 832 902
866 1187 1159
1080 555 1315
675 741 1337
275 77 128
182 881 645
1146 1716 1218
878 837 1959
139 1505 83
1519 1112 1342
601 857 526
1503 75 1713
1014 1155 269
329 1830 1010
19 105 1439
147 640 673
1145 138 741
363 1016 1578
674 1155 1436
758 674 548
452 1627 1757
978 1130 1833
692 496 988
1313 1178 1171
323 1197 1628
114 1344 620
1139 841 759
232 1556 1775
1811 231 931
1599 989 1957
499 1793 1585
256 771 1067
441 1463 1564
1782 776 742
953 1451 1939
933 1918 1635
1554 1409 829
313 1642 385
440 1805 616
1371 1404 1957
1681 1903 1750
1266 511 874
685 953 689
601 735 1818
1343 40 1621
1634 973 1539
1622 527 1301
451 840 1295
1188 1281 1100
157 1004 856
114 685 759
217 303 1270
1091 989 575
1780 1942 1310
1598 1638 1350
1220 1272 324
1111 1246 1203
764 49 44
59 1238 1677
1159 1395 1033
15 1861 1719
1126 78 374
749 1521 1715
1324 1654 1658
987 1604 1296
689 1176 920
1013 288 167
217 1404 568
613 1464 1806
642 975 1201
1675 991 1415
1746 469 1493
121 1218 1367
1836 895 1021
1846 1882 977
1142 571 154
63 1937 442
582 506 198
1150 1471 1662
1309 113 638
510 140 1981
277 239 450
123 360 1669
1490 548 564
863 395 798
1840 1889 1369
1994 304 1658
788 886 164
987 389 1635
649 1698 100
1639 560 593
1620 838 832
71 961 1544
92 451 92
1008 1666 839
158 1506 1081
1879 1853 1385
1538 641 624
54 1980 1013
42 982 711
142 621 1271
735 594 461
1919 1017 1422
1463 1461 225
1908 469 1891
747 979 1750
180 858 1955
1566 396 596
542 451 929
1555 493 1911
618 987 884
1889 75 1478
703 1994 495
125 1458 1956
351 1366 777
594 465 1756
696 646 967
651 564 1363
1600 1106 166
529 1013 1011
440 1631 351
1324 1872 426
1155 575 420
1650 701 230
1959 1404 1948
1088 350 414
1197 1399 1412
164 50 328
1527 1650 1786
46 531 799
1409 971 782
1760 648 654
186 155 1582
959 157 635
1189 116 391
1138 1557 741
1904 754 140
1668 918 543
348 797 193
134 843 1077
1285 253 48
67 13 1048
1073 552 1203
655 1511 1361
1642 1052 1829
33 542 1386
1127 446 140
1267 114 1410
162 814 208
708 948 1403
1785 233 8
185 652 374
1234 78 926
789 1085 789
502 728 1841
684 1113 384
70 240 1182
563 1860 1649
325 22 463
533 730 1412
289 515 1997
297 701 1002
1023 287 1432
301 1076 517
1090 1931 1597
932 615 711
1668 1037 951
850 1952 811
499 278 834
963 1163 1916
727 1804 432
1076 454 1133
78 1477 1420
1862 1779 848
380 869 1131
1977 153 98
1040 173 1488
344 1024 1792
1155 1875 422
341 1190 1586
258 269 1742
1042 1346 196
527 1776 1674
1947 1639 1805
1147 371 674
631 700 1180
729 1741 1353
569 437 729
362 1592 957
784 286 499
722 896 769
465 1938 467
661 465 595
335 764 234
140 263 957
1167 894 1658
699 1976 1751
404 545 188
1134 907 132
443 44 770
942 766 1666
1711 1231 1956
178 1893 773
1126 580 1889
1712 1073 505
670 240 1751
680 939 1727
783 1343 625
1323 829 1884
1455 1272 1928
578 215 1047
596 278 278
905 809 171
1678 1935 752
1920 1647 1825
425 669 417
176 1349 1708
256 484 1403
1233 1807 585
1469 1615 209
1398 193 776
445 789 1055
1075 1694 216
1247 1725 503
351 1645 502
528 422 1172
1297 598 873
1357 1206 1358
760 439 1165
1697 1909 1132
1907 1659 1325
683 456 467
90 1883 513
306 1482 590
809 1833 587
1664 713 1009
836 362 1960
1709 1719 1518
1419 832 1958
937 529 219
69 788 230
1747 1472 1038
566 1914 921
1079 221 404
22 1382 589
609 1046 1655
1619 234 17
1931 296 89
1449 1715 1273
1759 652 1802
330 1074 591
560 821 415
1950 1387 329
872 818 902
1628 840 637
569 1802 35
224 1773 270
594 1704 566
1035 1153 633
308 1265 1286
110 1595 360
1053 508 1533
1820 458 920
502 1682 90
1756 1662 931
393 232 1085
781 808 858
1051 1402 562
1969 789 67
954 1097 1332
592 1560 1280
952 613 1788
837 786 598
109 1640 281
200 1396 1943
1483 1790 527
568 923 1336
1426 1974 1090
1988 295 1880
407 1249 1329
92 1842 889
1372 1146 1855
1512 336 641
110 445 281
391 645 29
687 128 171
1566 696 1094
1254 474 1420
345 814 1715
577 1222 1317
1906 1666 1511
796 1038 1009
1003 550 1345
1644 660 1791
277 1404 788
306 443 1269
478 9 317
1924 1264 792
1345 1961 1606
1412 890 1180
1081 1148 846
592 296 1884
1954 1299 786
1299 943 1799
1442 1572 1555
583 231 350
1852 1061 711
169 985 327
961 330 288
568 95 1530
100 1176 679
947 121 975
1183 75 275
1970 1726 1570
121 1169 1495
28 1752 1726
378 1604 787
1089 125 124
1417 1087 807
57 7 902
1588 107 78
619 1406 199
1594 590 626
221 912 353
1792 1033 1874
1639 1061 1978
1365 1439 1934
504 880 59
628 297 1146
1787 707 1505
689 647 1965
1120 1266 1371
1671 1212 1961
650 1434 873
1003 1578 258
877 1217 1319
855 934 1110
789 1438 343
848 418 992
347 206 1699
204 1247 346
169 719 1612
1541 743 1177
1502 1393 963
728 396 893
986 1625 462
658 832 1396
120 1621 1186
463 821 1956
1456 1520 162
1155 1725 1762
1854 1894 833
1818 1435 1576
995 1290 1321
1958 18 69
1203 1004 1694
1665 14 526
1413 135 499
599 598 1673
556 406 1545
1070 1914 1270
1184 1768 1517
18 1586 1304
1946 934 594
1268 1244 964
1337 448 321
1384 113 335
262 1527 470
1114 478 1421
1139 1034 179
684 457 93
307 1641 1861
1824 1659 1800
1480 1958 734
427 1226 1978
1391 915 778
1712 299 1244
400 914 771
1222 28 1601
995 1519 636
1175 203 1445
1268 862 1086
1482 686 1098
1282 519 1056
368 946 634
698 337 1549
1477 402 201
721 1154 1467
1844 376 1847
1445 1372 1366
433 547 1569
1878 167 432
1317 1 1470
415 1635 341
1823 3 1287
457 702 1977
358 531 731
559 1252 1885
26 1448 261
1873 893 1985
1591 1679 884
1161 1909 1404
1945 1226 1405
1767 1993 1041
109 1816 1044
1748 625 98
1725 984 629
808 1895 233
693 274 1681
1307 499 927
1292 91 958
529 1604 867
1933 1901 94
1338 1668 87
379 129 256
1776 1878 881
226 1955 217
1208 764 113
1441 1809 387
1475 1116 886
754 761 977
1712 1290 581
579 1575 482
673 913 503
1113 1645 632
1721 1773 862
602 1999 818
820 1207 1934
933 1001 1743
1672 476 1212
558 1582 1973
1888 1294 1615
821 225 1190
1304 1251 455
159 364 452
1143 85 225
6 1039 225
1176 211 1784
1462 1496 785
1557 1168 1613
769 79 1547
1094 1967 841
1061 788 1419
603 444 670
1059 955 1386
1511 99 1823
89 105 862
666 1633 1426
450 1447 922
1588 1004 443
1553 1774 522
1101 1220 841
294 282 1981
1713 885 426
383 296 1381
121 160 1480
1944 249 1937
807 915 1922
585 1717 1369
1507 1305 374
1950 1211 500
824 664 1720
1665 958 354
1647 1024 1592
425 1759 1888
158 1881 48
1991 1825 649
280 984 1564
203 1569 1282
1924 1077 939
650 1379 502
1150 556 1166
1223 221 125
1577 220 1501
1521 997 1260
1410 1156 1141
1810 1147 967
460 1427 303
376 1982 1873
10 259 1302
1302 909 681
1804 60 1237
971 1635 1811
1448 1564 383
949 1086 1733
209 848 889
1703 658 388
1022 1470 167
1325 1847 502
1198 1857 761
500 1159 1670
1534 1316 82
1123 287 69
1286 87 1634
1670 1036 720
1403 1597 1920
644 1652 578
1384 674 401
1903 0 600
405 1550 809
1166 403 321
1189 1937 1637
1623 1060 1924
1693 347 363
1327 369 1399
399 124 1348
319 1120 1001
1249 504 27
2 407 27
602 1165 1930
1412 683 333
1733 224 270
1370 1848 1682
1646 1541 381
9 1220 750
1760 1971 1226
1108 290 346
461 1891 1202
489 1894 1962
868 496 1127
798 260 162
1483 1993 387
105 1715 235
1788 1361 128
169 1722 1700
1272 1482 1671
498 943 313
1197 1756 204
751 245 450
713 1466 1299
192 616 1559
355 100 1905
742 205 1620
1329 1993 982
1809 515 1056
1509 139 891
1180 989 186
1493 186 1942
49 938 540
852 3 6
151 196 622
1710 903 722
1615 1645 928
1588 1326 1273
922 1135 140
1978 996 279
869 176 1269
1055 21 1455
998 422 745
1890 1274 749
1896 1425 1297
870 1488 200
1593 1455 197
873 1043 1523
498 1965 1010
639 296 6
918 1165 534
539 573 907
1995 1571 1329
1092 1461 604
193 1709 381
1490 579 221
1690 524 1677
1887 1749 1072
1762 248 1390
1124 1239 1686
1130 157 1203
16 697 1776
923 1044 1699
253 488 1160
857 682 1221
1590 524 1801
1812 567 677
1841 806 427
913 569 675
655 45 1914
341 1176 423
1545 1192 1472
1673 116 868
1373 369 1357
533 1578 391
107 1520 1267
260 1332 1834
937 1173 641
1364 439 1562
391 1094 1959
305 1436 1135
1081 1333 680
553 1006 1148
1774 379 1869
1483 1265 1799
226 1372 1319
1493 1984 652
1680 921 1825
673 286 616
587 1029 1711
546 1687 1499
1682 768 832
714 1673 190
1862 1799 922
1731 1282 539
1530 1508 263
849 1354 247
1853 1034 1168
31 1707 1806
647 294 836
358 840 523
1857 874 1643
1041 1940 1668
1584 1802 1468
506 1885 750
1045 1415 611
1308 617 1965
1555 822 999
1075 853 1058
882 1501 1704
70 211 896
945 69 1771
588 1462 63
608 1046 1866
76 1552 1751
827 949 1519
1790 257 488
1755 164 1310
1106 1240 516
164 474 17
220 544 228
1116 1489 649
1239 429 112
1303 1037 1510
1169 1466 1063
1272 293 364
1143 435 622
1983 190 786
1646 1648 378
162 164 852
179 384 1396
759 1500 1237
1761 740 18
1873 43 1408
1735 1564 874
1150 1188 1519
1515 332 1954
137 667 144
1275 313 144
1654 475 308
858 1006 692
255 1766 192
1844 1527 1284
1863 1752 1327
1271 1487 1243
497 638 432
16 153 764
1970 642 1783
466 269 97
610 275 572
918 1134 1579
1610 1741 1697
154 1585 1224
1439 1800 1328
1118 1423 815
362 1920 1805
794 1936 310
1910 1906 1304
1693 724 1574
142 1334 201
1067 252 1335
646 214 1428
695 721 1014
1919 512 1166
1599 1630 590
414 344 510
572 1490 799
882 1752 1057
539 1798 1782
113 1940 1468
314 1007 73
2 5 287
1430 700 1360
796 971 1872
315 570 1855
905 1337 199
1767 1909 42
918 1143 1794
1976 1682 1592
1758 147 1885
1226 814 892
1299 1168 1250
1939 950 1950
1651 99 1274
1524 414 1844
1731 1319 1533
282 1438 1442
324 357 938
471 333 972
63 443 1120
1948 21 286
1193 1673 1454
795 1964 404
745 1615 503
371 1491 1269
216 1222 940
1749 1857 379
1544 181 1088
834 652 1773
1806 1068 568
1278 1368 589
1916 913 614
1370 1708 930
127 806 898
982 1177 389
252 1745 1964
1544 1847 1821
1923 1743 354
1011 577 1359
1136 735 427
1704 14 147
646 1930 1061
1260 1653 769
543 132 1575
1441 1466 753
1830 70 850
146 1615 697
1967 1890 440
322 902 1017
1681 38 1753
460 95 119
607 741 401
1668 353 406
790 896 890
365 337 357
1470 520 779
321 666 394
1370 634 285
1811 1308 1539
1180 1341 1929
933 153 376
1404 760 1117
158 781 1471
564 1571 367
1807 288 705
516 111 1225
1295 432 243
42 1802 877
327 1965 537
218 1146 230
499 431 383
876 1836 1144
1993 346 277
1816 1262 1848
184 1069 136
1241 1585 247
818 881 1031
1061 923 1186
291 1602 1503
828 172 649
1411 1023 1081
1794 251 1269
1290 597 1967
1567 413 1229
1415 949 651
1904 190 236
503 1008 1469
1887 422 744
1425 713 698
928 1893 1222
1930 1304 246
1363 1099 849
984 389 1446
951 1957 1860
532 1724 809
1183 1980 1352
1772 836 712
1241 1075 1134
338 500 1847
1388 1780 1741
611 1710 1045
1209 1425 144
58 409 886
1857 1712 1195
69 245 919
878 1428 1252
582 1552 88
1295 794 1163
429 1484 15
277 872 1795
370 1835 1858
1415 1396 1635
1912 1807 45
798 1664 109
1993 1733 354
1264 963 135
516 1546 1687
956 1193 833
471 1622 669
486 251 1894
634 621 1729
844 37 1478
479 1949 1637
876 1099 1653
986 1444 1738
1692 708 701
1827 1577 599
1867 885 1792
700 1357 1767
1722 195 18
1616 1181 640
1697 25 1029
1175 857 1330
1164 1733 429
817 1071 225
555 1116 933
1609 1295 862
560 1162 100
705 215 1457
472 1937 4
490 1905 1186
1482 1602 1211
511 1130 68
1841 294 154
622 1112 1577
847 1667 693
133 1628 1989
1347 189 1503
1447 894 70
904 1366 359
909 208 264
447 43 1867
1658 554 997
79 748 1291
585 1722 755
162 570 775
1208 1055 403
1549 402 592
1404 1850 1838
1475 1106 1556
1834 367 117
99 814 160
1966 825 714
1315 904 1814
958 1841 1537
1714 355 459
489 1563 1514
892 1464 1916
1837 869 118
27 344 1225
1584 530 1944
1701 629 759
1861 947 1584
927 262 840
1094 1221 681
983 1287 1036
1442 1776 952
956 1020 416
1224 857 1285
1695 885 1981
920 821 512
864 874 1493
1975 1087 441
1559 366 1055
751 1460 276
1432 443 1563
821 1885 1691
1773 1193 712
541 770 1921
179 465 1158
160 1737 1979
672 953 853
166 929 292
959 840 659
14 1592 119
643 1376 915
558 549 1152
250 674 346
1314 1216 1468
1235 1395 285
394 1555 22
725 580 975
1931 1098 256
223 57 1097
882 423 1041
1002 1066 769
269 1977 1319
1421 579 1993
119 1893 1561
1587 1128 956
1872 1874 864
246 600 1796
1574 531 1246
1830 754 1655
1279 1637 78
320 991 1497
1090 1260 1826
761 1033 405
754 1153 298
668 740 1778
1624 965 5
840 1211 957
988 785 1488
234 968 594
1889 247 583
320 920 1926
169 10 1538
1995 771 572
400 1877 1725
1050 545 817
1180 522 1782
1537 1714 1346
494 703 131
1982 937 1451
929 1179 1699
1512 1851 619
1439 20 981
977 15 104
1901 767 333
1626 169 1231
444 1349 1753
226 887 1819
1572 1733 522
56 1716 1812
1859 645 991
1558 509 842
529 300 1214
1862 1630 1229
318 1531 348
652 1158 517
1883 1602 218
1988 180 1457
1807 105 1191
682 513 907
494 372 1904
1837 283 765
1031 1164 1066
245 1379 696
1826 1697 227
174 349 1737
691 584 1691
909 924 224
367 1084 329
1558 1766 1194
817 260 1918
1073 449 553
1838 1480 70
1256 77 1449
304 1903 1498
532 77 200
621 768 784
313 29 61
537 748 1145
1218 658 911
764 1827 1523
682 900 324
1588 1091 1804
1658 347 1881
1459 652 1784
957 1536 213
1157 157 1333
294 822 1362
355 1359 463
1852 929 1121
763 1693 949
638 728 201
962 316 1292
1118 326 1992
999 1785 996
1135 1094 884
1700 604 1393
1033 898 216
747 1605 1927
1210 1457 857
684 572 550
1633 1210 1630
1834 524 1946
1479 1642 624
1471 993 409
819 128 1856
1703 180 460
1096 1213 1710
1312 312 1315
1592 1523 1124
449 559 1696
1351 192 1258
982 378 1782
1280 1857 1424
1905 1680 417
666 499 897
522 554 1077
1334 1651 642
1044 1315 954
711 907 829
187 1708 1388
1883 1060 1932
1493 394 311
1275 1674 520
1051 1931 201
1820 598 1052
1069 1472 1607
498 807 1610
1140 203 925
447 915 185
1276 1102 1893
1017 1338 1305
949 831 1699
1612 459 1726
133 1862 1657
686 1683 607
1738 1104 80
1697 1603 887
1307 743 1090
585 1542 357
770 819 1812
1015 188 1150
321 1137 333
372 1102 792
450 1235 1007
108 1921 1042
1067 11 146
1147 61 1749
386 1720 493
1829 305 35
186 1427 1206
350 795 1746
1500 1116 1236
1834 1840 338
978 291 1573
1985 751 1846
1027 1818 209
1526 1318 270
1275 56 343
120 1885 648
156 424 428
1714 774 1223
1813 627 691
1049 461 531
1387 1791 1174
1312 129 1925
1158 1508 96
1719 1034 1414
342 310 1470
685 430 1708
1685 938 132
465 1005 1258
1688 818 1885
731 219 698
1263 1606 842
789 918 971
715 428 831
811 499 1866
225 841 528
47 1878 1310
1755 1564 601
239 29 1606
1498 70 776
1735 801 995
434 416 953
1276 1206 223
599 1921 1003
1430 1084 1502
1648 1661 696
528 1708 574
1839 1816 138
792 55 520
750 1553 590
1526 1641 1391
873 75 1808
178 1703 1366
401 302 1639
1756 84 723
1258 85 384
306 613 92
881 804 1908
1019 1596 316
1539 698 221
481 576 1862
1873 1449 1937
33 1979 1992
1751 732 294
1390 488 731
113 99 816
497 405 1429
941 1286 586
1202 658 534
1870 549 1233
91 1031 1809
1954 1256 1611
243 1289 1590
236 1040 675
882 430 1163
1965 895 1262
781 1744 20
563 1037 1306
1501 591 1964
35 461 866
1620 553 1897
1430 859 1153
1393 1454 794
1335 42 186
10 925 968
1526 1242 1863
788 24 1959
1160 587 996
467 88 1588
783 475 49
1649 96 954
1898 1878 1813
1051 1271 1268
197 606 1662
383 969 939
1351 495 182
1566 1635 206
1525 796 1145
874 1615 1585
462 398 60
863 400 508
1818 298 386
1983 1702 9
1603 1899 968
1266 635 1937
205 338 784
387 257 419
945 134 1215
90 1008 830
1675 1822 1581
88 686 1981
596 856 631
1335 839 333
1344 443 585
312 61 1572
249 266 262
1033 1006 519
1805 1951 654
1372 394 14
555 421 1837
136 509 523
469 1458 1379
1100 793 218
1786 137 1013
723 802 1074
295 1051 1693
557 437 699
1429 594 1002
83 1966 1396
97 521 1818
1934 1009 679
809 1478 137
188 931 930
759 717 1420
124 1440 222
1199 87 1625
1244 644 414
295 425 1008
1297 508 975
694 958 1848
864 1244 858
1543 406 336
1681 946 1267
963 1705 336
735 182 1776
1309 1381 1863
1287 977 860
1701 1272 1285
1062 569 146
37 1615 1456
237 831 1052
1095 375 1458
1432 408 405
1051 1723 462
1388 811 644
1516 120 377
1732 1407 1706
592 1461 978
229 523 1900
727 912 1867
535 1149 699
1588 245 1074
1398 29 1834
155 1432 1557
618 820 368
1614 689 841
344 421 600
50 1013 61
1029 1594 936
1281 674 1848
1148 1209 1350
1847 1149 1947
921 548 328
1107 703 1760
665 1673 933
1385 1640 1622
578 1984 43
1179 34 1408
1592 1415 1002
529 696 1676
729 1845 1238
79 1692 387
378 966 935
706 73 1991
467 1090 16
1400 828 1656
1374 1406 1992
1417 585 27
825 178 1794
179 1059 843
208 1788 688
1446 220 732
1833 950 50
1121 1657 124
1112 476 1566
1480 228 394
1137 1602 1801
1129 1019 738
1508 1844 1268
1655 375 327
498 583 468
1186 381 1040
270 215 1990
321 1688 1647
797 1152 123
363 632 351
1110 121 305
1263 1251 1324
1 1111 1520
1270 766 1896
1949 1264 831
417 802 1213
1457 1425 1780
1800 1746 1468
1447 895 972
1923 1258 1604
626 720 1726
932 1983 1329
256 337 792
129 1959 1911
377 1908 1175
1208 678 330
773 487 1755
553 287 1853
373 1735 748
1345 10 358
1302 636 1079
1028 1568 1414
709 177 1751
1501 658 1710
1412 1035 1619
940 595 649
1622 1721 1136
1729 626 1776
1582 1000 1863
330 697 1873
1040 1999 509
119 1379 430
1886 440 959
1637 294 1617
1348 58 1004
1319 1350 1951
1968 972 1672
1456 701 299
1232 635 1651
1095 1317 700
968 358 1052
1830 829 783
612 715 1224
1571 353 1870
1540 53 1928
544 1372 1279
495 1340 603
520 1148 1657
1171 381 644
822 1476 1962
1874 797 672
