400
1095 1304 917
639 537 1588
632 1061 1633
336 7 280
76 50 81
735 1815 839
1919 676 1748
709 1948 1239
814 892 420
77 592 485
166 1687 141
1435 326 679
1023 958 1740
657 1647 99
1289 1723 150
1722 458 1965
913 729 994
661 1791 1294
1901 605 538
321 1035 1130
806 1201 1169
1300 636 1847
1979 11 806
71 1020 805
522 309 528
672 383 1338
990 1296 68
336 1958 1859
1982 211 816
520 884 1851
1650 42 1404
819 1342 392
666 1321 404
1824 1744 1424
629 619 86
1509 1643 469
848 633 1766
1268 1321 76
1127 1303 287
1943 1823 1171
147 1825 1213
1551 996 556
1944 15 229
700 191 326
124 821 945
562 682 588
1032 1530 1574
1150 798 1247
1226 277 551
1513 573 726
1036 720 552
249 623 1900
1157 919 1915
1739 1619 107
417 96 1280
1362 1010 1962
302 42 1845
1876 1192 995
1124 770 1273
27 283 198
753 1671 918
1657 273 1893
1558 1430 1165
1825 1521 1136
1932 1938 1232
1212 1652 243
1527 1955 637
1372 183 182
719 1659 952
1992 1686 1588
190 792 1259
1460 801 1532
1706 711 1315
871 537 1188
7 469 1127
1592 34 779
187 1913 1086
1176 1285 1270
1358 356 1281
663 701 1320
251 1243 112
1510 704 1265
1395 762 1977
1062 1633 514
250 1640 1335
1377 1584 1369
509 1771 1282
1595 948 919
1217 658 1276
499 1321 1977
1819 1572 1220
283 1435 276
1548 1182 1038
1525 244 1023
391 494 664
1727 224 600
1448 733 372
731 680 1672
2 250 682
1630 1101 4
1959 1272 1928
1532 1555 1363
160 1455 545
1199 1333 1141
222 1724 1636
1238 1803 1860
191 1252 945
915 1983 1977
587 337 227
1269 320 1680
1625 279 952
1554 1811 859
1269 1972 315
167 1523 1648
1308 97 1724
1296 1688 1528
1508 1879 780
453 794 1115
783 1733 1804
1362 1354 124
1043 980 404
1995 886 567
855 155 891
1522 674 414
1522 1983 864
1246 1279 552
1126 788 431
1906 1593 1577
1373 376 1310
1178 91 1016
1302 1134 1996
58 1481 1234
626 336 1390
1517 210 64
284 1732 399
1148 1331 31
52 457 1171
483 364 764
412 1737 1493
74 1267 1584
1090 922 1070
1439 980 551
673 1958 1240
415 1476 1450
480 112 1535
1231 1612 866
1262 1664 1323
433 499 39
1550 911 1777
1395 985 1396
1331 75 318
401 1514 1299
1304 540 1257
544 955 1085
347 1435 1549
1882 1019 1161
748 633 825
71 1067 1324
111 969 587
240 716 1572
1988 399 0
307 1152 1866
1958 456 406
1215 1353 1362
653 1700 1149
202 1934 168
1364 1034 802
541 1457 221
1866 1920 1542
453 160 258
378 501 657
730 808 1809
596 1118 617
1003 685 1970
365 1338 22
1514 1893 1956
35 1609 990
837 150 448
1410 368 368
952 1174 881
1210 1904 1734
219 634 894
380 1230 12
1349 233 697
1320 950 388
1694 817 281
3 852 242
993 41 392
1793 1451 761
514 403 287
1747 1965 191
1481 536 825
375 916 55
387 265 641
1436 1937 1591
1824 1632 408
457 1635 1612
699 980 1653
1444 1126 1104
557 1992 1507
844 1739 1824
1387 1220 360
212 1947 1628
619 686 246
1260 122 183
1204 299 167
1612 1108 154
1225 160 1487
878 1604 613
335 161 605
1842 1357 696
19 744 268
379 956 215
8 1927 1253
606 1188 1727
789 392 26
1309 356 1487
1815 1933 1647
1302 1164 1251
267 1499 1764
1224 1693 1473
1920 1712 217
540 444 1525
755 804 1452
360 1410 992
88 551 1736
466 1860 93
1953 28 26
1952 1330 1190
1555 1950 1041
1319 1526 735
792 1799 799
1361 339 1243
886 1447 47
691 1807 1457
1683 1895 9
1420 362 221
1865 667 249
243 620 1932
1786 175 234
827 1847 1760
1562 991 1559
362 353 1899
1957 1591 1346
5 282 1153
1814 318 1401
1823 90 1763
397 307 430
646 550 1402
930 336 1578
1164 1164 1425
925 1078 416
484 1792 1121
383 1750 713
81 107 1347
1235 1921 17
636 97 459
751 494 766
1533 1492 1669
936 423 5
866 1587 1521
643 864 952
1411 1349 744
533 84 846
1598 166 1305
1297 1753 1227
1667 741 1676
126 1844 522
1245 1377 366
1266 665 1141
1623 1531 1081
1145 526 1945
97 1938 1646
1193 823 1731
392 773 249
1697 422 354
1276 89 1095
1304 568 939
1826 1813 668
545 1079 1334
1686 702 1217
767 199 1744
713 648 34
359 194 1209
442 586 334
691 635 756
1045 1912 846
492 1216 1414
1783 1395 1579
452 1940 1010
1786 1626 64
1355 394 264
1099 1459 1264
1485 170 1458
1046 613 396
1380 1656 1032
137 1054 1296
1335 1898 512
1101 1682 259
680 134 199
42 272 178
106 1627 924
722 1079 383
1987 916 905
1797 1963 1518
546 1343 1527
1578 1832 581
1226 1519 479
1738 620 513
1998 1652 647
549 1694 1271
727 1801 899
1651 523 330
386 862 1246
1292 1012 1209
1162 1558 905
689 1488 1089
1622 1066 609
454 804 1229
967 1154 882
1967 56 576
1238 783 729
489 787 1605
819 1525 819
66 1169 1831
1627 332 1741
884 1373 1581
1974 996 647
583 1802 1804
164 769 1310
1398 736 1366
1975 327 502
1056 816 1641
661 1636 1166
1833 54 336
16 33 1020
110 918 393
1691 892 1741
691 1827 1543
847 1991 665
157 1390 1753
1876 1717 80
730 1125 897
371 139 885
1889 1972 939
577 1988 1324
1597 98 242
343 142 1486
84 1185 1313
1980 384 1657
645 893 1399
398 769 1468
479 1851 593
1728 222 1084
613 464 1408
1904 1041 1397
1228 639 1847
1823 982 341
1309 1418 1878
623 1398 262
632 43 1156
31 442 277
1851 1273 129
796 1001 703
1881 1966 1167
1289 222 209
1038 1450 1200
1238 1273 534
1931 935 1952
1810 1910 1351
424 542 1746
1932 925 188
562 1128 1813
1043 1924 1166
98 157 1132
1266 1799 1354
1827 1189 1157
1379 427 782
1913 711 1717
217 873 1627
1568 1297 521
1315 1582 1446
1855 144 574
1669 1539 851
835 1637 1008
320 903 1159
1674 1082 349
1183 813 1128
1966 726 1839
1683 944 712
1663 864 362
184 179 1944
1983 387 440
557 408 1979
1760 1595 1616
1121 1915 872
280 1942 1954
629 1125 1120
110 1091 1846
1949 775 1142
