4000
1214 1975 1424
1729 650 303
130 1833 1407
477 1281 1947
674 160 506
982 40 1166
793 1650 660
1350 518 423
860 1630 847
1639 1352 13
793 918 1988
217 647 638
872 778 823
280 1607 456
227 633 616
733 1615 1008
252 761 1010
1264 111 1529
1687 971 1511
534 962 1215
547 1755 133
887 325 1133
1525 1197 263
701 1477 222
1157 57 855
126 1142 823
1134 1394 1584
497 658 1695
378 345 1019
241 1232 1981
1456 131 1737
1941 1019 62
1426 896 1259
41 1597 1089
263 755 1146
1119 881 288
1942 367 35
1878 1216 1045
1573 1594 1391
592 1835 975
574 1643 1106
663 1937 477
725 1363 1374
336 1405 1323
1777 20 78
923 1139 1311
1564 1433 31
1951 1311 1247
996 1237 1194
739 1829 1381
1714 755 1025
1173 1418 1314
1650 495 677
1376 1184 434
700 961 807
1130 237 298
794 1801 1732
825 104 1395
424 1100 632
1618 1840 814
1000 1554 1921
377 1079 1340
1691 1082 187
720 458 1371
1507 1510 333
314 641 570
964 1435 723
696 612 827
444 1036 1927
1428 1007 1767
242 359 1674
164 736 1105
1856 779 187
43 1851 646
1415 1358 156
100 24 1149
670 989 584
1393 37 1548
220 833 937
499 262 1944
619 504 303
293 1020 1391
1750 1228 170
1938 1272 21
936 1039 1732
1092 1139 108
594 1809 1449
1530 1554 1487
1079 126 320
16 625 582
312 1244 1439
615 1889 811
358 1640 40
880 1930 1664
901 866 703
985 310 194
1094 904 355
895 435 1909
382 1866 35
1055 1882 1012
1989 546 257
1780 1513 498
592 1871 138
984 751 68
648 4 1286
1703 990 1597
1897 436 501
252 1331 1288
513 66 1154
900 1473 1388
1912 1462 1934
521 1595 1447
1020 539 1318
1158 1523 421
1579 523 426
865 226 1768
814 123 204
1316 727 1887
956 1592 305
111 492 1778
1851 404 1593
1786 926 1188
1585 1946 1727
904 1456 1602
1677 1387 125
103 605 351
1871 1419 826
427 1087 1905
667 44 1497
972 507 1989
1103 358 745
1048 144 1671
236 1730 1969
315 986 1778
1917 1015 1165
42 1119 1770
745 1342 1190
1571 122 629
1476 1141 673
973 465 1180
1314 1568 1891
59 616 387
83 1204 117
52 1519 1455
1830 1788 471
996 1830 1942
1118 927 1636
308 498 1758
938 326 899
1963 1651 1365
1496 965 1285
1387 1025 254
1774 1108 1458
244 1512 1330
51 1343 1118
874 691 1301
1168 1809 228
805 470 727
915 1760 1405
167 1723 1057
1884 1571 22
1169 958 1399
1423 1085 859
1234 1329 372
564 1732 67
1682 607 758
983 1775 919
1212 932 1389
291 1848 1149
1696 15 1225
753 1899 796
1128 1420 107
527 1196 1192
1387 430 873
111 994 605
178 676 1564
936 12 1340
1855 1224 272
1245 1867 472
746 1563 839
323 669 738
1472 1797 511
1931 676 1707
1475 415 489
348 526 1483
1305 704 511
870 1640 523
562 1848 99
1186 1445 1966
1659 543 1882
498 867 551
1589 691 700
452 622 1376
511 97 144
1000 797 670
483 102 1375
1346 1324 1367
222 238 1215
321 1425 660
640 1436 1204
522 286 423
1425 1875 1114
477 679 1736
205 1190 185
349 190 982
1020 1025 1436
395 372 1113
1762 594 1351
1330 1267 1128
1990 1907 564
1194 781 851
1617 206 1078
1083 1035 1758
819 1241 948
1356 1590 1491
338 962 516
127 1357 1240
1592 1472 186
943 802 1454
72 1144 1713
636 691 495
1839 660 1053
918 1744 441
1028 563 1682
1976 272 1624
1467 962 587
336 1089 296
1576 681 1768
115 1977 922
1921 49 419
1634 1037 1110
481 877 1770
1887 147 1514
328 1175 430
10 1503 702
1634 1323 16
573 1659 1106
870 1587 139
990 1702 116
265 1975 517
684 1610 1907
146 443 1136
1916 330 1283
1783 658 810
565 1020 665
1619 1007 1988
1635 1580 1999
741 450 1587
1233 1793 1641
1701 58 1617
571 742 1579
478 888 22
1966 1156 353
1601 1291 1363
411 1856 736
1076 1475 1743
1417 1111 1675
1416 204 478
1003 1789 271
997 1491 329
966 414 1423
545 892 663
919 1210 171
1624 811 1463
988 1574 1319
1724 650 795
1819 67 258
1494 1836 462
1972 1191 604
243 188 95
924 1506 861
699 403 105
1362 1323 1315
1886 947 126
1349 287 1700
1020 11 702
1815 1830 1122
425 1677 958
1240 1649 149
1844 245 690
291 1521 196
1152 221 600
1257 1583 275
572 1821 1222
1050 1170 1862
750 191 1873
1452 358 56
926 784 85
1884 376 1734
34 220 331
1076 511 1853
1272 15 74
224 1272 9
499 196 1831
74 1246 1001
1936 1996 1544
161 1800 1903
569 727 1039
654 963 1767
741 1349 1987
1072 425 850
925 50 865
999 274 489
1361 1126 685
1192 1552 283
545 1840 279
442 1 431
697 923 1510
88 1577 474
1855 318 1823
1842 1743 249
1044 668 299
261 20 925
1102 1733 51
1787 1277 1603
70 1822 1443
701 264 1797
1484 1313 720
995 1401 649
1469 1256 1320
1292 1450 1415
1893 494 435
192 1107 807
1470 209 540
1521 348 1817
1477 770 1992
1272 1471 608
1421 956 1922
493 1951 1323
1143 1772 580
815 1064 30
230 1310 877
665 1854 1984
1473 1324 546
365 846 894
183 675 1665
175 1947 1488
783 1369 796
705 1862 1099
381 1357 871
961 524 288
1343 754 1598
220 1772 1804
557 1597 1129
1103 1962 327
1997 497 1002
14 672 1301
1503 1808 1022
651 865 885
1751 1246 594
974 207 1119
1262 1903 225
1212 123 349
1017 680 1946
146 135 261
825 133 758
1827 147 1783
1480 2 1591
503 654 456
1740 405 55
334 1731 614
1805 994 517
31 558 641
380 1927 1673
679 425 1809
940 1250 294
1698 1077 441
1481 910 796
1072 1413 1450
1881 1153 207
1936 1487 1938
550 1293 1284
1068 1676 195
61 408 122
86 1087 548
1895 27 1798
189 1726 1228
983 1559 138
131 632 1551
1581 865 704
140 1153 543
430 1703 188
1715 1123 216
1910 1536 625
384 1623 1712
932 1518 1740
1083 60 1818
311 1395 1377
801 1526 361
352 1459 1578
1408 1951 731
303 381 787
844 448 262
1060 710 1799
37 1095 1422
1750 379 1292
1842 1462 1704
12 1773 1099
1389 926 977
103 1630 436
1681 1390 739
413 1694 1121
1552 890 1921
1814 302 632
1613 340 1727
1387 442 458
1032 636 1921
736 648 46
188 389 973
1517 492 603
306 526 1994
1045 1291 40
518 843 930
440 1009 1232
1072 623 1924
1151 362 366
1609 1394 1002
1530 483 1650
1577 1023 392
902 892 1236
1505 1198 1762
1851 244 1405
1891 762 248
1173 1202 1258
406 626 233
330 1777 947
1049 1739 694
51 1621 1529
54 1198 552
446 452 1444
1682 1958 995
1797 161 1239
1202 53 353
1803 1226 1908
1413 1984 886
1998 667 1016
945 1716 755
1639 119 376
1168 173 1927
72 971 379
1869 1006 689
864 803 851
455 357 1256
808 160 482
1068 1925 819
1955 1923 1486
971 869 1202
78 860 1321
454 381 1847
381 453 818
1113 322 1824
1802 1538 979
1005 1993 1337
261 1154 1849
1096 222 1775
1915 529 50
1401 1852 1271
955 282 132
276 737 513
123 1470 1318
1294 935 1993
1118 738 1531
450 95 1525
1787 357 679
1988 1805 1253
115 1720 135
166 1121 1987
1437 428 270
1921 704 1359
786 1180 1181
105 474 117
450 1944 1207
333 394 1302
1858 533 11
889 874 1816
143 989 1888
630 1507 1361
969 945 1789
1239 1218 494
950 5 26
132 462 500
249 912 796
1808 1245 1191
1110 1456 76
1474 345 950
1642 840 292
1531 1470 1799
892 440 1096
682 31 315
1528 1334 320
1554 1466 782
406 67 46
1202 1875 1291
745 1337 747
1174 1163 1445
124 806 637
768 337 108
920 1229 900
16 1911 1283
683 1791 617
1355 1345 435
137 103 854
535 1306 1081
1827 403 419
926 1577 1582
723 54 740
1361 822 1077
1821 1742 307
1073 111 570
356 1146 714
974 502 59
1761 991 163
616 1527 1821
1697 1706 224
468 632 154
403 1708 208
1143 1069 1382
221 1242 1477
880 315 1940
1802 671 1086
516 1997 1588
928 1759 580
1443 727 107
1264 424 1813
1840 893 797
1994 1296 505
554 791 1926
1937 1012 1520
1766 244 1835
1706 47 859
792 915 1208
733 1843 1319
1313 1286 46
1772 902 471
1585 743 1716
382 1089 1364
1240 1644 155
1518 1933 1168
1039 1699 1764
1226 1405 1811
85 549 727
1294 1282 922
965 947 209
1012 719 1111
1835 304 206
1551 1039 1296
915 631 940
1070 149 873
590 1540 924
355 767 681
518 852 1230
1597 498 865
520 1816 1812
1081 828 532
544 663 1188
751 566 227
399 1833 1210
1339 903 1712
564 1846 1252
1488 553 19
169 1071 1224
1751 1021 74
616 1893 1890
429 1326 718
1313 1870 1733
501 973 299
1081 1724 132
291 1415 1388
355 1979 1586
1608 1819 139
1627 340 1562
1203 92 935
1278 1060 828
1168 1841 154
1887 1154 377
1972 8 1702
272 1089 1427
756 1732 1194
496 88 1174
82 48 1345
573 27 1686
488 1231 1778
1423 509 1190
252 1677 1032
758 1916 186
1487 1889 194
1190 513 1635
969 1621 1720
163 118 1808
1689 552 208
1035 1478 235
1073 1966 1466
1203 1389 1975
393 1641 5
1425 752 1921
1612 239 162
158 1781 675
1794 750 649
1514 1266 767
1674 955 1671
234 342 1149
469 1415 1115
1936 618 505
263 1012 498
268 437 1250
542 401 1842
704 912 1623
1380 1058 374
29 572 1992
1148 598 1299
1171 832 1642
321 1653 1057
1788 1589 28
645 205 1392
1496 473 181
1098 1367 583
940 72 1847
564 1452 905
1290 1833 1829
1282 1333 427
933 504 1611
575 1177 1616
1985 966 1558
13 1963 1763
1405 1459 588
1938 558 1956
521 1498 28
720 414 1832
1625 1704 17
1454 1338 1350
233 272 206
1844 1199 1384
1461 1184 702
1019 1549 1017
1134 1306 477
1722 1245 1035
30 118 885
58 839 1300
242 464 1356
259 271 1047
1961 504 1671
168 701 1222
1904 514 759
958 1885 308
1975 1019 1967
452 1093 1564
1839 1124 1682
725 1182 873
377 1425 1690
85 36 1961
1484 1998 817
1507 166 1518
730 70 32
1489 1380 1917
149 1355 936
116 1808 30
32 1999 1154
1715 1076 688
940 1805 465
982 243 502
1295 1727 500
113 1587 666
1631 317 1088
1664 158 468
1581 659 175
870 1128 1983
900 1160 335
406 1227 1411
1446 168 1217
1912 1502 1460
414 798 1539
1266 911 1126
284 894 1795
1724 558 305
192 492 965
719 1362 93
1055 614 1605
1390 1372 833
801 818 1353
370 1082 855
182 1848 5
1722 1114 1268
1200 1398 163
1348 1122 1073
1653 1666 1565
970 386 927
1063 1441 1893
1021 1183 1265
1854 336 84
1207 707 1166
414 1241 1015
772 1315 481
40 516 1880
203 1864 1354
1277 1869 1021
1194 840 1759
122 255 1552
367 1276 735
1633 1130 1423
1717 689 130
1235 1456 1724
602 228 1039
1084 268 1907
1316 824 123
670 453 1993
43 1647 833
154 121 1088
1706 489 365
793 122 1847
217 191 889
699 1778 345
423 381 925
1815 1817 1545
1722 1133 369
1846 1803 1174
1839 1847 1174
1024 353 1295
464 60 136
829 1205 610
1029 1422 1153
1918 474 932
263 1249 1665
1188 1064 1482
1085 787 615
1455 985 770
981 1176 969
155 200 1323
1803 664 1735
1939 1846 940
902 1227 715
55 1145 1189
987 1760 790
1004 1300 1855
486 385 994
1453 192 1979
576 1174 1507
1545 1681 1707
1220 1484 723
955 1776 921
1896 678 148
963 733 1293
504 73 1405
1294 1077 705
1149 1916 1443
143 1721 1635
474 297 1161
1981 195 843
40 1415 327
1116 371 103
37 619 781
538 1934 1515
183 438 1940
1589 1732 1017
646 1234 1285
89 1729 1007
77 204 1304
1238 537 1851
81 930 1267
409 398 1990
864 787 609
1646 1325 543
1513 1861 1333
1805 1450 1065
822 448 299
460 538 29
1467 615 585
1123 205 1474
975 287 756
594 1048 1154
584 1912 294
1545 1910 1619
88 1775 1832
1421 1580 1282
838 755 1731
1490 1215 621
1871 682 1588
808 157 1793
282 1484 80
1391 78 1480
897 662 1393
1191 207 1655
1163 647 1431
995 420 1363
630 1259 118
713 749 1685
1334 620 719
1274 1780 877
1067 62 361
1500 1805 440
980 703 1454
725 246 1662
381 1761 661
164 757 1082
1879 1739 693
1998 452 1794
35 138 766
755 1412 546
1632 831 608
345 683 766
1137 16 1821
592 741 67
606 1474 1829
1267 1990 938
349 1870 677
1042 220 1129
1188 255 1619
1954 1010 1383
500 994 214
1461 1340 1250
227 829 1266
48 1421 7
467 27 1834
296 1295 1824
1586 1996 1694
263 1391 266
1744 579 522
1363 534 1884
1098 1034 879
1313 847 571
563 1074 1400
1829 1474 1174
188 1942 1201
374 590 848
199 177 1197
245 792 940
512 889 1519
1386 604 405
1270 1703 1792
501 1016 639
1072 1931 66
825 112 1540
1999 652 1834
1552 1027 425
753 1578 954
302 175 1746
1242 1039 987
1113 425 1592
1519 48 1295
1663 549 663
654 1974 946
720 799 1410
613 1150 62
447 1054 1441
1224 159 1371
178 461 1899
277 1703 938
1616 817 1716
1208 688 1764
855 703 313
1870 1709 639
816 782 1790
226 1395 1292
641 194 347
434 1419 858
158 1949 1320
57 578 1375
995 195 544
1063 1755 1584
827 611 287
1493 481 1997
132 1650 1131
1923 228 526
1215 869 1072
1914 1656 843
1125 1814 793
445 1871 1723
172 1218 1918
717 282 1674
301 1109 637
941 954 1118
1290 1439 1120
421 1362 1349
1299 929 570
371 1196 226
1215 321 40
360 1118 263
435 1290 1482
706 359 116
732 661 1225
1369 1954 532
839 1596 1971
1960 17 1685
1661 1668 966
231 39 514
458 1606 835
850 318 305
1466 1106 1596
948 1812 307
1064 544 968
641 265 1274
1525 1104 870
1496 1416 887
1533 1077 907
500 1309 947
1014 119 905
202 1321 1576
507 787 682
455 87 494
763 1503 1390
83 497 1655
1358 22 759
580 1871 528
1468 1404 1605
727 1904 1266
1674 1271 1737
932 1473 1411
860 332 198
1542 1140 638
388 255 141
130 690 638
1785 400 661
896 981 532
1424 801 1936
1382 1528 193
1000 1555 1464
1090 487 1289
501 1699 1973
1051 1593 1113
1689 333 1720
1831 463 411
469 248 811
1482 1144 144
366 921 945
655 655 474
848 1655 29
664 745 868
1953 1598 919
278 650 512
1744 339 845
1464 522 1308
227 1344 1908
1391 826 1404
1535 1193 325
833 1848 1332
1307 1048 988
1688 1712 85
908 17 36
1827 647 686
339 391 1377
1184 208 1900
844 435 1244
1104 178 70
508 66 1615
1186 899 1815
518 558 1215
1858 246 1279
296 1154 1648
332 981 296
1370 1672 1039
747 1208 1247
999 404 35
243 1508 213
666 16 631
633 1554 1530
801 425 88
16 283 686
1296 931 1840
1296 1615 1173
1592 1337 845
632 437 405
231 1436 809
266 32 317
832 698 686
1463 1683 240
1346 484 665
1434 501 1301
121 149 584
313 1445 552
1839 1390 1889
1036 374 326
1442 605 115
251 1224 147
921 56 845
1607 1871 528
199 1217 1013
1217 1004 1866
870 1477 367
1454 1790 164
6 1981 1554
248 1018 280
926 812 886
1041 1415 462
1188 336 518
385 295 389
914 495 1959
279 64 963
497 934 440
864 388 582
1380 747 564
935 995 1934
1567 1921 746
453 1315 161
915 503 850
1785 889 1497
527 155 1992
486 786 56
1801 1283 1342
241 499 1731
823 1879 830
1739 1166 177
1673 1086 450
771 1539 1765
1285 807 269
135 944 1510
1632 1823 1665
1977 309 451
385 462 86
1728 703 937
1811 1879 1168
993 1618 687
1170 1644 1773
1620 415 1664
1738 1700 823
359 187 1768
1869 172 1591
1886 501 253
337 1238 715
775 966 1771
1712 1129 1650
1232 122 1620
1919 1644 1264
1692 1617 32
1357 1355 84
180 1714 272
300 1583 796
1892 1469 1297
497 158 887
1564 1285 206
1335 1349 1335
1337 581 1810
1310 501 1454
926 545 1071
958 1902 778
1043 83 492
1667 383 427
815 627 248
464 1476 758
1351 1041 43
1557 376 1744
1245 66 326
1055 1376 1179
861 302 1724
285 1613 1979
1063 1008 414
1556 1027 1149
335 1842 1777
584 306 1253
1342 9 646
1738 1567 1375
1482 812 1441
160 219 1169
1339 1080 1823
1416 1717 1436
1395 781 444
1809 689 1471
958 1024 1665
1087 1960 1971
693 1655 1981
1339 1393 1900
714 875 1064
507 1036 1283
1676 727 715
1500 143 433
1288 1538 1566
1733 1347 255
1556 658 1631
1222 1745 1944
1545 438 1599
1526 1778 992
1778 844 219
842 1352 1607
477 1028 687
1193 880 830
1978 169 721
1544 254 68
151 1810 1078
134 1032 824
78 578 1262
29 456 1392
1021 587 237
1593 1781 1589
1552 259 969
239 1452 202
1070 1430 371
1791 1326 977
211 1477 787
1642 1963 172
466 42 1102
80 71 1910
1473 1445 497
1710 1390 279
1651 942 538
972 1534 342
1174 956 124
1897 747 1802
874 1310 1631
1662 952 1594
186 1770 1636
1288 1851 60
1550 1676 1857
48 1738 1247
679 1389 541
1569 361 75
263 1888 1383
739 1785 482
541 660 1793
172 674 1097
1766 860 1220
1755 148 1071
167 50 1099
24 98 837
1623 1129 578
516 698 1291
944 1313 1179
327 52 965
810 593 1977
955 765 651
404 884 1511
1624 639 11
1047 1158 61
146 1182 512
983 805 1641
1561 1673 692
1205 617 357
384 945 410
1701 1755 1355
1678 1062 473
329 1466 1357
192 1091 348
203 138 1506
617 637 1040
1481 1620 197
1122 1534 1870
166 739 488
876 1475 1785
1286 1177 1892
641 855 954
1466 1537 420
823 1729 1863
1523 285 2
1381 1254 639
421 735 611
618 209 497
489 728 1588
1329 1604 1064
1114 890 593
1358 1883 1800
312 1350 1337
1084 525 1419
948 49 56
950 1782 1310
1941 204 45
904 822 254
1402 1663 1334
1342 992 938
406 458 180
1351 1816 64
1152 480 1766
489 1565 643
260 513 1044
316 1815 827
1626 108 1031
23 1012 205
630 766 1869
1964 109 1213
903 867 24
1435 219 192
1851 1371 673
1617 212 238
613 473 1103
1657 1141 1270
484 768 1378
1867 1143 390
73 1773 1157
294 1738 1618
1507 993 485
1883 428 1056
76 280 427
749 249 992
1339 862 1817
794 520 958
64 1356 78
1442 1224 1222
1832 1297 995
1341 1591 1085
1311 1450 78
149 1334 859
1205 1410 1491
1985 511 1740
977 1850 955
794 996 1475
104 1060 831
183 502 407
1405 686 1704
752 380 1647
1838 1691 1098
268 1840 432
1479 1046 194
970 1031 705
711 360 907
1666 1506 1903
1493 1610 1315
676 145 1817
1084 1902 855
1140 655 1235
788 845 1279
1886 1465 1471
670 945 517
1216 1915 1900
273 978 612
1532 996 118
1787 841 81
1102 1870 226
919 1306 481
126 446 1488
1362 1234 685
993 1472 150
464 494 1447
1334 1710 1715
1586 335 1045
199 1867 42
669 1654 1235
750 756 1105
1329 27 411
1810 154 1210
1298 1868 796
1983 861 621
485 1325 1115
1933 659 1178
0 246 1513
1045 445 1733
1439 1466 1387
675 217 144
132 1898 523
896 1708 677
106 1358 545
902 1693 1406
1523 530 1084
991 815 1743
521 815 341
386 1861 1138
119 1300 605
1507 327 1174
3 460 1072
526 1356 1132
1556 1814 842
453 716 535
212 592 1417
1296 1583 233
1391 104 1048
1733 490 909
871 610 562
1476 469 1241
650 472 1701
74 1350 1409
1206 906 1223
48 1360 292
935 1572 884
353 1220 819
586 611 1275
1634 344 117
896 1568 1079
1810 1044 1548
1051 47 372
1105 121 1723
514 1328 981
90 1728 693
734 664 265
1618 1017 1837
789 1603 449
64 1589 1145
181 837 713
1261 647 110
1161 51 157
1534 1156 630
1609 22 310
590 112 39
1284 846 703
1901 816 72
1739 1957 1675
188 21 1616
1685 555 454
399 168 1453
509 1329 1504
1018 1215 660
0 824 683
311 1767 1147
702 1051 346
1757 1304 1514
1829 1043 1472
1856 1583 1845
1824 1269 752
278 1668 920
1732 529 602
1236 1547 1817
249 1899 994
1284 210 761
431 1264 164
777 1021 1468
644 1202 512
116 1410 447
313 1235 1716
1066 1513 1736
338 1597 617
1292 1186 516
1462 1435 416
456 719 978
1569 1502 243
1733 632 1616
1201 1276 819
65 1744 229
513 57 1464
581 1475 1330
670 1814 927
1639 1106 113
156 568 1900
572 1376 971
1550 945 474
1793 678 1106
1762 232 382
581 297 126
1162 1162 535
979 96 11
309 1118 177
1588 757 1283
54 913 204
1954 1837 1932
926 1388 878
1752 1533 1908
858 1295 140
1240 228 790
1718 1391 304
253 722 752
264 1031 1870
441 971 980
77 1025 1893
633 1332 1731
565 610 1471
1795 362 1356
1704 1220 1004
196 812 1232
1338 530 975
1643 783 1697
395 1400 1080
618 193 52
1598 270 1429
1843 1255 761
1574 1821 1723
1397 1616 437
754 1672 1657
110 1869 469
1342 1559 1351
670 1202 135
367 1950 1887
1800 568 80
1852 518 351
1281 361 1958
395 288 1779
470 1685 1748
908 791 1772
917 901 1993
1739 596 1553
1090 1266 1107
1577 1985 1057
1464 1785 1977
1545 1637 495
248 1271 1209
206 18 1497
338 488 1534
86 1748 678
1858 666 1931
1852 405 879
1757 1495 145
864 1073 483
1922 889 268
251 434 258
1099 1034 1881
308 1241 1899
157 1931 739
43 17 488
721 227 1154
1005 431 1559
1884 188 1406
382 1053 831
865 1327 1721
1485 1578 507
1743 677 1542
1624 1337 1135
1875 1846 1066
967 1890 1435
1455 963 14
961 1968 798
872 205 986
278 587 391
1462 1804 70
1183 1289 1649
42 1385 678
1584 1361 368
1071 1589 214
489 556 456
276 363 1420
291 1676 1740
1441 548 297
427 1178 1236
1171 640 1040
1241 175 682
1242 218 67
273 154 1780
641 1578 1369
1207 67 1925
1664 344 288
1084 987 316
1176 428 864
1474 1207 395
710 730 1035
1751 1972 1563
785 1566 133
852 1839 287
984 480 1865
354 1688 285
279 1704 981
920 1140 320
1236 316 748
453 1790 307
848 853 1038
235 604 1362
150 1741 928
283 945 768
571 1929 1600
788 283 1640
1073 915 1344
406 187 484
726 1775 801
1474 228 943
134 1428 1796
1172 1664 752
886 1814 493
1814 98 1438
582 1021 1368
535 161 3
175 1235 918
1520 1641 1457
4 368 1233
1157 194 1461
101 680 890
249 204 906
1002 1090 1072
1847 905 1522
1286 1839 895
1006 374 1057
1361 550 292
632 422 285
89 426 1005
1322 1936 1552
784 389 232
26 638 437
1284 1992 1527
708 1840 784
231 1478 976
1126 836 1702
183 197 252
827 829 1026
1465 919 1805
470 241 1741
22 1377 130
607 1755 1120
1044 1391 1113
923 100 953
60 683 783
1036 1809 1619
738 345 1816
1343 1172 998
369 637 1917
174 1460 510
267 1834 240
749 441 347
1870 1485 1739
1335 761 191
640 821 874
1423 209 683
1042 947 1380
1210 642 905
208 1364 1542
125 1890 1354
988 158 1189
1580 1259 1630
1927 1481 1468
18 816 229
209 1456 1402
1435 1231 1611
471 273 910
1851 1484 1553
756 1692 1269
651 170 1159
5 1510 1669
1194 1090 929
1177 1369 410
645 1740 1579
1226 301 1035
628 1737 267
239 208 892
1501 411 728
1054 1520 773
323 171 1295
1835 528 805
1504 75 247
785 1252 1968
1196 249 1708
775 1475 10
162 455 99
781 1046 307
26 547 1070
754 1954 590
1527 277 761
822 464 1642
1979 1969 1717
226 754 969
547 302 1570
255 1429 1045
265 1592 1500
716 725 898
1023 751 1445
446 1858 1399
1036 1737 29
150 912 493
1792 891 814
1509 1470 1921
830 17 223
400 624 5
1797 1242 1597
1649 1958 674
547 1334 1778
1992 1780 1988
1392 1168 1725
1421 1318 637
266 1110 1881
1081 971 1703
1002 1801 72
1577 553 696
1582 350 1938
1531 1999 1897
558 546 1231
336 539 1363
324 283 531
401 56 1850
1039 322 1312
1272 1755 284
975 1109 437
1047 687 991
95 621 1341
34 153 1693
283 711 239
1866 1399 1130
1229 75 1413
112 476 1821
1962 1867 496
1627 1139 251
263 466 1713
700 1865 400
43 1961 1373
1737 1995 1526
1430 630 589
1669 496 340
800 77 415
565 189 892
739 504 759
1235 131 1899
1838 394 717
1551 1446 583
303 1842 544
1677 1579 891
1555 1009 1521
145 1030 369
485 182 446
1253 748 635
145 1839 1139
904 1074 1622
1155 912 16
1873 816 1815
808 1119 9
1352 796 1588
595 352 949
116 849 1979
485 1686 162
1283 939 1262
1918 1436 1101
1410 341 527
1032 1848 1791
1049 73 607
1216 881 1727
1225 233 875
1165 828 1579
114 1296 780
93 133 467
255 1416 1758
1869 1687 1195
970 1097 1888
1497 129 1736
1289 1530 162
248 1098 1043
327 323 1629
1203 1840 809
1134 1954 458
1915 400 591
734 1007 360
492 877 47
39 199 1144
1927 49 1625
16 1690 1156
530 1938 254
1573 266 930
1554 1821 770
364 955 1077
822 1222 1829
1765 1956 836
125 801 65
524 1192 265
1668 1472 314
1294 1488 4
802 18 294
1056 1943 560
338 1498 381
1109 214 1689
538 1388 911
367 1153 1220
1555 1279 373
1621 1803 1565
1886 1824 1037
552 1470 877
556 272 1247
850 1680 1191
1763 19 1041
496 1480 1607
185 370 995
1449 737 148
669 292 1779
1394 1913 1935
959 151 1759
349 703 1581
1226 1611 205
826 814 1885
17 577 256
1410 1073 1736
1017 1611 106
364 1060 1195
512 81 1488
644 1475 1753
579 786 257
690 1135 960
623 714 924
828 1540 1738
713 1909 315
970 1319 1740
1058 688 1351
1165 1404 411
360 268 492
200 912 319
306 1843 1106
563 533 593
1875 1156 1307
799 1984 847
537 1050 756
1204 372 427
945 1430 1467
296 595 871
1060 1308 1492
1904 1860 404
224 166 248
1682 1081 1133
275 957 642
1583 108 626
782 646 28
1891 202 400
318 1147 1831
138 1796 778
1361 1208 438
853 1112 299
1610 1688 817
1858 1370 1899
1343 1646 1208
1985 1581 1316
964 363 314
992 254 517
1745 925 16
1576 1415 164
706 1128 1372
1497 1982 837
1796 1944 525
965 1802 1896
864 1497 1894
424 1483 1475
1741 447 190
55 1439 445
924 1184 1722
1293 1112 1137
1809 171 265
1182 1668 599
371 1464 895
896 781 697
1144 1646 195
1390 70 30
865 163 477
1408 571 1916
205 1847 1453
1927 1140 917
1416 950 1088
33 484 756
985 855 572
1880 103 1354
930 1248 1352
1477 990 1422
1507 1856 1938
1984 1616 509
252 1821 356
1705 1748 1849
623 1164 1151
63 1549 1635
820 534 842
1744 415 945
1098 1345 545
450 822 1536
225 681 1744
515 665 1360
1024 917 1181
1732 975 1281
1581 1950 797
732 13 346
719 1185 1233
1913 930 1648
859 28 1345
1756 831 519
1644 1408 1200
1740 1923 1865
1452 1299 1134
985 1031 461
266 965 411
1415 49 777
1762 1121 1962
995 1034 1244
995 245 1273
692 354 456
1211 1998 216
411 91 139
628 1543 1438
114 529 821
576 795 138
1339 211 188
116 325 1661
431 1672 695
1675 1019 941
1300 1711 1647
108 922 1645
324 1685 88
463 665 1632
253 779 161
1427 1355 1308
1565 1047 1871
105 1163 548
1766 1946 220
814 1622 1591
107 1274 1302
1754 1383 576
1751 1707 613
1840 523 1278
1472 1128 410
1985 907 117
1293 473 1164
1517 930 680
65 697 626
638 1863 600
229 1970 1875
1884 1724 1610
812 1475 1669
1426 1315 192
1056 1139 1673
1466 1124 580
1936 770 1405
1100 639 336
1780 1056 1385
759 1694 1248
1711 276 1218
1938 512 1294
1548 1324 769
1218 1102 437
1762 159 1928
1435 1977 1405
16 1913 527
1421 1366 1166
109 1498 222
1494 257 269
742 321 897
312 259 1409
1606 1808 1085
728 1378 188
1517 1140 699
1445 928 676
1202 1296 942
1729 717 308
1247 1179 1806
1470 673 416
91 1768 737
988 80 996
749 39 1156
1834 1119 886
22 636 379
721 433 1307
1750 1636 603
692 1717 1672
1352 965 851
1158 435 1877
1574 878 1645
663 218 77
12 967 468
1520 1153 1587
407 1176 575
1138 249 1361
445 351 997
1400 1043 714
1424 395 1679
276 1906 466
505 1832 1696
502 496 1914
579 860 881
1400 380 35
1339 1139 1563
1915 277 164
1276 1074 516
625 474 1911
1691 1899 659
1371 527 565
189 1032 749
1886 1534 1597
1800 465 457
1034 217 1190
1421 1557 329
1336 1824 607
1500 1100 1681
368 77 508
280 1768 759
939 1491 1286
1856 1681 670
957 1919 556
555 71 1021
1012 1105 1239
202 878 1148
884 566 972
1843 67 424
1876 787 501
384 1067 269
1143 358 113
781 566 1794
1451 1524 65
7 79 136
1381 1443 1594
972 1998 472
120 1234 1391
1092 1077 1458
1516 953 597
17 1690 1665
638 1185 375
751 1967 942
897 1770 818
962 1778 1249
1099 1511 1044
1045 483 1394
1517 603 628
908 1695 1705
718 1563 1011
1316 1932 701
1333 922 238
60 1674 205
1002 923 1976
172 238 106
1421 1337 1617
818 382 100
212 251 1055
841 1512 1102
898 582 665
1909 250 597
962 1935 1871
1201 1996 1545
1758 1350 821
86 1523 1059
544 1296 748
161 114 1482
613 327 1733
1668 1520 1597
770 418 532
1787 680 782
736 1642 1070
608 1195 1066
505 1306 416
1326 1392 1939
385 289 1588
1133 450 1702
615 1064 381
701 1084 1901
650 207 672
1534 1994 1352
669 731 994
1739 1339 542
805 1844 1848
1221 1523 1592
1513 260 1881
1453 1394 684
1507 361 100
1889 1414 1184
142 417 1391
814 1951 1738
166 620 469
1513 359 160
407 1516 356
607 1090 1879
199 603 140
433 408 1886
1117 1915 599
1569 1804 366
753 299 783
497 1465 1086
587 1632 59
1408 1497 418
1568 256 287
1924 863 1377
156 1062 332
648 1847 740
534 1316 655
1485 885 460
1851 1991 1111
986 840 576
425 1427 560
484 835 409
1254 403 665
1541 679 1528
918 1187 943
1250 1835 790
1990 721 107
998 207 1344
1810 410 1335
921 1749 175
1497 526 1954
410 1010 789
819 616 1544
1485 510 576
1013 1428 1763
1956 1031 1951
1099 1373 672
1558 371 1231
902 533 1994
590 1454 95
765 1304 621
1072 1714 1983
1861 533 599
1758 18 1109
334 1384 890
449 1692 273
752 1143 1998
1425 701 722
1008 1956 1255
1354 546 710
1449 1663 366
70 735 80
53 597 965
1005 707 1336
466 1393 720
1356 1842 764
1981 595 1908
1980 372 609
1054 1732 565
309 1087 1111
1371 536 775
1737 959 1862
169 1364 459
1135 721 1518
471 1188 911
1191 896 754
1955 878 1701
215 1210 425
825 264 157
1742 925 1596
1206 297 485
333 386 1796
195 556 1160
1007 1691 1882
525 162 1422
1437 1705 318
543 12 1196
596 228 758
1021 1405 1022
1530 1147 300
1479 705 597
1964 1038 983
112 1586 1891
1272 593 1582
1506 1470 96
928 1259 1801
1599 1802 1814
795 750 394
1906 123 1799
1280 6 1298
1580 1485 356
529 1801 1394
1865 1913 1332
1756 1537 277
1691 1396 1748
1787 676 1007
1941 275 1162
107 1423 1912
501 1329 388
652 961 394
1950 542 231
306 1071 32
53 936 297
1737 1045 186
15 736 1582
1763 523 611
1122 464 886
636 571 661
901 1424 342
1289 76 1304
1683 379 1846
1914 1037 1269
298 1442 206
595 1180 1251
781 1547 1987
716 1662 862
1327 784 1679
565 1421 602
1227 322 27
1569 1963 455
873 1646 1186
1071 1912 224
341 562 18
899 1157 1550
150 290 1097
489 1358 759
1703 685 1544
1382 1251 1317
1985 478 1991
364 399 1954
1171 1273 1952
358 696 216
582 1037 778
952 1936 1935
503 438 577
1600 927 1936
360 983 973
256 365 224
1925 702 1054
1916 1418 1806
222 590 1431
174 948 127
390 1882 1165
1168 834 1453
1455 1337 1892
384 1290 1171
672 2 154
1646 258 872
222 535 1926
1629 451 1345
1435 1025 287
866 1199 1587
993 1941 1469
510 1461 655
1964 1268 1993
1856 1652 1635
1379 325 1637
1534 323 247
758 545 782
684 174 1585
381 1961 610
668 1179 161
255 525 102
76 1035 1915
732 1351 1183
1077 1559 1187
712 939 1512
349 473 187
948 1231 733
82 267 1259
1667 649 1573
629 1669 752
790 277 1277
1244 353 665
1159 1085 16
694 162 1576
1881 1226 515
1746 1927 1340
1933 875 923
1018 957 1190
630 976 191
203 1605 1861
955 747 138
585 1991 843
1250 1502 1929
1618 196 443
1546 430 22
413 176 1949
1753 109 1177
1028 1128 486
219 1758 1463
410 313 1420
623 1268 168
761 205 511
1957 1455 366
238 1426 914
681 972 1344
1055 1386 1520
1005 1491 1982
534 520 1110
1020 1091 1220
835 1501 1533
608 477 1153
1128 1590 1359
1991 1547 1166
357 1785 592
1272 819 1917
968 1874 1303
489 1231 794
471 1765 1314
1933 1138 405
1505 325 259
1390 933 736
895 413 678
606 405 226
1773 762 11
717 386 830
634 1355 1057
289 196 288
1084 1019 406
750 952 1544
1508 457 221
119 199 1155
855 1094 1568
1533 1701 325
111 1826 1440
123 543 1826
1305 1530 1533
362 1819 81
1003 1255 1100
1409 358 404
953 1866 1213
1526 1985 1412
681 1192 507
602 1077 208
1279 1189 34
719 1664 929
898 1321 811
783 1684 983
865 687 590
317 448 948
722 1753 1166
1935 1279 1503
1348 313 695
1855 1267 125
415 546 1666
801 1266 1330
82 516 651
894 1299 687
229 164 1726
819 834 526
120 1556 279
1286 1491 1559
1142 839 1872
189 1046 1139
314 1813 1685
1980 614 1303
1662 697 1819
666 1943 1119
1705 524 1635
1432 1695 469
1958 1815 25
590 1454 1869
149 596 1060
373 785 107
1512 1100 1920
1549 1432 887
1205 1447 1936
1024 113 231
495 1818 755
483 1602 450
952 1913 618
1330 503 72
1551 1004 1020
611 1377 1805
1070 1241 1257
991 1142 1042
230 347 489
518 1372 602
749 219 772
1856 702 375
306 7 640
1276 1689 1495
1348 1240 499
368 1851 228
526 922 1469
135 265 611
1177 847 1311
18 1365 1035
620 114 1254
1745 1970 1957
472 628 316
1112 1905 5
959 1605 1245
1458 326 1448
1686 852 722
1507 1339 987
470 517 186
1781 535 1551
816 1508 17
423 1605 339
380 77 968
1048 1541 1225
1053 500 1182
650 1958 1508
98 1996 712
821 1855 52
160 325 921
347 459 1808
1898 1627 1668
268 50 1273
607 782 1350
1927 1830 891
1152 883 1743
335 1885 53
195 1984 401
1260 1157 256
1312 1669 934
585 16 1393
745 267 1020
414 535 1423
1687 1494 205
1390 1422 36
633 574 1271
377 1261 1157
430 1809 1493
832 1069 650
1440 733 319
374 1318 688
119 415 1307
1492 829 1842
915 869 1336
1120 611 1110
1156 1244 37
780 1973 1650
1937 404 1459
1430 1588 528
80 1028 1613
751 1755 1283
1439 226 1699
1098 1718 528
940 985 1749
629 106 360
91 1614 1605
128 394 1578
1779 683 334
1238 113 274
119 545 1303
1732 1649 1410
1368 1440 1636
1067 539 1707
1947 1479 692
1697 460 1150
57 552 1117
14 1032 1511
1945 811 547
279 402 660
554 873 1558
209 957 1207
1619 325 647
1607 1392 1186
1314 1340 1018
7 1389 1478
1509 1446 382
626 1461 1767
490 1758 578
1037 37 1332
1697 943 205
1607 1504 1163
814 1475 1840
1462 1083 1233
648 749 925
1666 756 314
1497 618 112
231 1244 1925
1998 1734 1683
929 771 73
261 821 1016
819 428 873
334 1595 348
174 1057 1431
1759 1705 181
1036 1724 1289
1350 1221 259
1815 1804 1504
1740 1803 1238
1424 1084 362
1849 1697 1535
865 516 315
1738 850 1910
439 1377 967
1870 1136 1025
403 173 749
45 1875 322
304 1690 126
160 1783 281
1399 1207 1365
113 1056 1063
0 273 1931
315 364 782
226 803 159
1545 1025 1647
570 1781 1820
1671 178 1696
1993 834 1738
472 995 1521
753 746 1080
119 859 488
1534 1211 762
1465 1526 1478
599 104 633
1110 1650 1658
758 220 1791
578 244 1969
626 237 804
365 709 1799
238 1815 897
1319 286 108
1807 1820 1319
921 1637 845
399 237 950
1032 1347 952
1043 457 1172
834 1388 1416
804 14 6
1960 731 1067
111 1322 882
1008 641 1168
1116 800 1340
435 1722 978
1632 473 1567
934 1858 914
1886 1253 1724
1411 87 1112
1179 1243 1126
1185 1555 210
605 1666 1532
1487 674 525
1008 142 1325
348 929 1047
1326 914 1873
893 1848 1731
160 1735 984
1884 1146 1423
996 677 667
474 1863 222
1036 820 241
920 307 915
1445 1315 1410
771 1664 691
170 1342 1605
43 236 1454
126 748 1541
1462 984 687
886 332 1364
1905 806 1579
479 195 399
720 1115 1059
1988 913 726
1398 36 390
89 206 85
1695 602 321
1501 1080 1421
1042 543 405
81 1429 737
1797 1686 1895
1729 165 442
480 886 1910
1539 874 823
266 624 859
1008 1065 1417
1093 1112 19
1766 965 1100
1187 7 1995
1944 440 1424
1033 238 1110
929 319 1627
1723 799 513
1633 339 1739
456 957 715
1667 317 1781
1085 1411 1245
1456 1529 211
908 1069 570
903 1013 1011
679 399 1601
141 1680 1920
1769 1403 719
282 1037 1410
374 1845 719
1089 1513 1037
1222 598 800
820 54 681
1031 1315 1750
1953 218 1116
1316 898 1515
917 1039 1195
837 808 950
1909 1443 1987
1671 1817 1833
391 906 1346
1780 481 296
932 1301 702
1613 684 17
1364 637 588
832 1954 1486
347 1223 877
1894 61 38
1196 322 1481
1184 1993 1650
1369 736 908
1067 868 1389
1363 1800 1042
417 1414 1726
435 1130 364
1023 1962 670
861 661 1893
90 907 306
128 103 980
1961 1287 974
1963 1008 62
872 75 931
613 1790 731
1656 208 497
1382 995 1627
98 370 1941
1120 1583 602
1014 1673 1509
1672 154 1613
653 467 1252
1979 431 261
393 1303 688
1324 1916 831
408 1924 1391
905 1307 386
885 1757 1108
826 878 1043
1429 244 1068
1290 268 1222
903 921 42
508 1252 473
1121 1646 128
161 1322 396
992 1730 321
383 988 1980
1121 1873 1737
581 1051 967
1624 832 1211
693 123 1832
267 1378 753
661 1886 358
1134 1359 4
1614 1521 1326
11 513 1409
332 1249 749
312 722 974
401 1304 25
1369 1280 858
932 325 981
764 593 711
1870 1254 598
228 741 1957
584 355 1830
262 718 344
1671 1050 1945
420 1714 667
1394 116 1971
1772 1837 1252
630 769 1929
1963 1886 522
674 1756 129
1624 336 1222
1934 920 1929
1764 1534 648
108 1206 1698
405 1978 1765
1073 1725 1881
1396 1849 70
1000 479 1191
930 794 1077
1804 1468 1185
1933 1445 1873
1507 1379 1145
1437 1143 680
85 1604 238
135 9 568
1900 1434 645
133 831 494
203 1831 973
1747 761 119
824 566 1588
362 851 1033
587 711 764
1733 148 1907
765 233 1511
1003 368 1873
1571 269 1307
217 754 138
1063 958 322
37 705 1435
156 1881 353
96 595 1557
1481 1183 268
245 1268 416
505 33 1001
368 1036 1369
241 959 1990
1901 1528 1097
391 592 55
713 981 1112
149 1489 1345
854 1938 293
411 1419 1476
679 17 744
1447 874 1129
448 1242 165
170 1836 1476
160 1737 1005
1257 480 1949
1664 1194 1282
1128 1695 771
826 549 709
1119 1313 481
947 1992 850
43 1440 1724
1172 240 1318
1689 410 1506
1165 923 1595
522 180 76
823 197 1622
105 1677 1317
877 503 218
1938 1974 1883
771 921 1876
1621 964 1668
1697 136 260
1016 1825 671
522 1343 1594
470 1865 126
546 689 675
168 794 353
1837 23 1208
55 314 1183
1939 1085 104
167 707 1069
187 404 1557
447 1772 1383
1118 647 726
1064 1117 943
1191 15 1984
1866 183 1131
571 20 1154
1780 427 1820
963 718 906
1067 1237 1613
488 1776 369
46 224 494
1781 1694 1141
507 759 610
1802 302 625
1787 168 1160
918 740 1180
424 872 1959
245 1835 678
1151 1254 1915
1116 1743 1692
1837 1789 268
331 1570 314
1824 429 1425
786 231 1727
1411 370 248
923 1640 1340
103 417 212
415 1014 399
1093 517 1653
1360 1633 1396
1404 1470 1537
24 154 1459
339 1978 1888
116 765 472
196 528 1194
444 1452 835
136 1907 1252
700 322 618
1099 1767 1135
1104 1480 768
853 884 590
390 1261 1096
1850 1952 1427
90 68 544
562 264 1424
1757 1060 876
944 1196 1136
548 248 1810
1166 1699 1930
301 804 1410
1421 1657 646
363 47 1907
1460 249 1859
1239 340 1928
1783 902 192
1207 1011 1253
436 1955 801
1924 503 1050
1734 21 749
1664 322 1905
1074 1743 1914
1721 459 1962
1980 1919 563
1840 1158 903
120 1293 158
664 500 1521
269 936 1477
1423 860 332
473 947 354
1574 611 1028
1832 38 772
1746 111 1231
60 443 1502
624 635 1012
1879 755 305
37 1772 1157
1911 41 446
1740 1464 1306
72 289 605
778 216 1569
1807 48 1959
931 146 70
514 207 513
368 831 1149
1380 1062 256
37 1452 28
1194 1363 422
1640 1103 238
1299 1527 528
256 306 1096
1825 465 1496
1784 1748 1642
206 614 1849
720 982 1032
221 714 95
829 1103 1547
858 297 910
1632 290 13
1870 1941 1540
750 197 198
1846 23 1015
1342 1807 763
985 14 1377
834 1086 711
219 1659 1777
314 488 880
213 1698 1530
1475 1330 1820
1840 1553 1761
1732 303 1958
1931 150 333
946 1844 141
62 829 507
1791 16 1945
855 587 1604
632 901 92
1513 1466 143
1043 941 1825
1215 781 1378
976 513 1682
1286 796 184
1620 95 28
113 509 1210
620 300 1578
565 1507 165
521 140 1066
965 5 884
1108 1400 1825
934 967 958
664 1943 1823
346 1581 972
882 1201 1067
911 1666 1928
473 286 580
51 1203 88
216 1724 580
1634 1042 937
518 150 337
695 1436 1304
5 453 1599
1828 799 1532
1152 34 1086
571 945 752
499 1770 1391
1080 1821 946
1168 37 1023
1748 1671 65
685 189 567
1374 1236 4
1030 1241 457
629 1421 1608
161 574 1642
1599 1145 939
352 1645 1061
1743 1077 882
689 245 919
1712 345 590
129 1382 1131
697 1108 719
1053 138 1960
1862 1119 1734
1470 1632 660
1465 1232 157
756 1584 1802
1818 1679 1231
700 720 1476
1972 433 173
914 562 1555
398 1611 663
1117 664 1153
1430 526 272
1164 349 1905
176 166 1137
333 1274 1073
488 1092 752
1719 145 1472
1196 469 257
1721 1383 1172
1629 1781 783
292 1251 1800
1798 681 326
70 197 1027
1975 373 1193
1464 706 468
537 1194 1912
1641 914 57
1466 462 878
75 183 262
1247 1812 395
383 457 1998
535 255 679
861 677 1228
1889 1005 1601
1434 469 660
1902 1359 1854
1815 1000 1120
224 818 1934
1103 894 470
1717 493 634
464 876 1091
463 1411 1698
1494 625 728
723 866 1733
324 300 202
984 203 1913
1191 370 1266
311 946 84
598 49 978
1068 118 1472
1702 935 700
1146 1398 464
1196 1244 1089
1924 1967 307
1657 644 607
212 1980 1162
125 1171 1532
1391 1835 831
1828 433 880
806 1501 1351
630 1555 286
1683 701 36
147 1898 1280
1236 1822 1600
1543 1832 244
502 44 224
1665 521 1748
1549 265 1935
380 93 720
1613 1251 573
1316 1882 128
1954 1565 830
1990 1712 1080
1622 1300 1254
1222 1195 1086
1818 49 1482
395 66 356
143 1968 621
430 700 714
1150 665 1965
1723 1981 199
1851 1935 116
1033 277 180
113 1900 1832
1720 1122 1027
806 1293 1429
641 1688 1495
997 183 1463
1618 613 516
684 115 1181
1001 1838 1163
1201 41 1450
1669 1427 1728
1850 1892 1628
1682 1612 1102
1062 771 395
491 1412 83
338 761 618
1802 731 1231
318 1767 1346
1499 768 1536
1014 321 1578
465 1991 1357
193 193 1249
173 1875 862
1627 1289 1985
23 1780 1749
458 119 510
1077 273 1593
660 943 1360
359 794 480
1895 1809 802
1825 626 1145
1182 1171 1338
432 1696 1565
1294 1323 855
1631 1346 635
1380 157 1106
1890 1586 1379
1483 246 674
1195 605 1469
1675 501 1630
829 326 608
1974 1861 1779
1664 293 1827
1230 1939 1150
437 1570 849
1424 950 1006
531 1192 592
262 1027 1190
937 222 1796
758 249 649
740 1079 1327
1348 1405 1188
1479 1070 1833
1306 652 1772
456 1089 1342
1657 513 644
663 1396 1836
1607 11 863
1150 1300 1085
1298 58 1687
1947 798 766
1626 146 171
815 1977 1593
648 1283 245
773 91 1686
467 1749 552
1112 764 300
948 372 311
164 1874 1611
1601 1172 21
1288 1119 819
54 1097 1317
578 1912 1294
171 913 577
769 1686 1021
807 153 770
1359 1617 1534
1660 566 258
1971 1082 132
1935 683 1304
1956 1972 775
776 26 1873
445 604 137
92 1128 1050
669 1897 1088
42 704 1594
812 416 1211
347 428 129
605 399 1211
738 686 247
394 643 219
1170 1771 597
1043 216 1554
1532 308 682
583 1330 931
23 1372 1987
1969 185 403
1533 884 831
14 1841 1583
1578 579 269
1825 1326 912
44 496 1035
641 1891 1252
195 1423 1912
1229 358 1594
160 734 1319
148 703 1856
903 236 740
1735 251 581
1670 181 1513
291 6 839
1556 50 1687
591 1043 1930
195 1591 1705
108 820 64
54 981 798
1373 1481 1853
1229 384 442
321 471 1045
1255 493 1226
768 785 1232
1959 341 1634
1998 932 677
1928 1128 268
1633 1588 1441
49 1994 422
1199 1368 255
1053 949 991
1495 1623 1463
540 878 1956
1766 1998 741
1350 1957 1082
984 1955 367
13 235 1495
634 1868 1435
75 270 1429
849 1469 1149
1456 522 99
447 369 74
1910 1261 952
219 1379 950
1312 729 1259
395 65 1566
1114 79 1801
609 1065 21
396 1492 291
1825 693 113
1327 149 635
1778 596 1357
1852 859 618
804 1078 1998
106 390 727
1365 1137 1145
1283 251 1576
1084 1212 641
1457 1608 133
1749 1786 1178
1862 1465 1327
849 1243 1923
206 1095 1134
1177 251 212
1175 357 955
254 74 92
1399 1357 696
975 793 260
1968 250 221
453 351 7
1631 565 1824
958 1767 1067
1234 325 162
720 1502 765
933 1029 1474
240 1636 1900
684 1387 1609
1380 715 402
1641 683 1004
1862 1489 1708
221 1120 273
45 431 392
1464 17 718
1626 737 572
743 22 1602
217 262 1590
117 947 977
1726 679 1692
480 672 728
1484 886 217
1544 1459 1337
170 1856 120
562 1320 137
1280 1298 875
205 41 1249
159 258 1512
1749 727 811
726 453 1490
771 1285 163
1499 1122 1049
1716 666 861
1405 836 717
1526 1399 38
15 1031 1336
1242 1236 1730
492 1395 340
356 1496 1068
1167 575 1873
657 1346 1159
1172 1197 633
574 1265 1299
1435 670 136
152 548 1887
190 916 918
1879 158 507
1961 1002 254
301 1358 1751
1721 525 326
1595 1535 24
1106 707 1221
1739 1281 486
1390 716 1508
1526 1221 409
1413 1763 1325
684 1994 1835
1543 1955 838
1797 257 196
1900 1978 1074
578 1925 609
602 1383 1668
175 1474 950
1013 865 18
522 743 1591
931 509 1355
608 1193 1349
443 736 1305
1633 885 1914
182 786 244
1256 1716 170
217 671 1905
1885 846 1732
1187 1860 597
1558 734 1692
1149 17 201
504 625 1746
206 1420 482
1511 1054 1720
1777 1588 506
21 844 574
543 1413 1245
449 1298 92
533 838 304
1482 396 1038
1174 1545 1407
1728 50 384
1474 256 1804
309 119 1210
29 1896 798
887 1917 1994
1461 813 1407
707 1614 1058
1151 147 1896
1455 1629 292
845 803 1837
252 531 239
636 358 847
792 667 966
355 696 1214
1153 1583 1484
1500 1044 297
907 1751 1911
317 902 58
213 709 1687
857 1554 842
1047 158 1726
1286 1146 84
134 1939 751
1452 646 1799
667 1799 1382
151 1651 426
448 911 530
711 1228 1432
769 1794 494
808 651 48
2 1698 559
1728 1337 1705
164 1471 1996
1267 1275 642
1066 1942 794
448 445 445
1227 1245 1356
1757 1956 937
1541 1077 731
35 237 1382
84 240 1433
995 1968 770
700 485 593
1049 1752 1868
1691 819 163
837 1619 608
1283 846 206
991 603 514
1928 145 1592
659 532 1829
394 616 69
1827 1963 390
949 664 1227
1542 1713 979
1410 1756 150
1573 594 1770
534 229 616
740 1220 1220
1254 1501 1717
1198 512 249
1028 906 1218
1449 1085 1181
191 34 197
1418 1576 262
398 1339 19
900 912 613
670 1798 842
1287 538 414
859 145 1915
928 1343 428
1529 371 1686
747 173 772
281 364 806
830 1783 735
1093 533 74
1112 1433 1338
77 456 1137
919 1743 27
1685 954 172
1953 234 1868
381 1763 239
67 863 764
1191 1496 1129
350 326 1264
1437 1419 1797
1511 531 1582
1201 608 38
690 1879 133
718 1565 1439
1242 1518 1673
1110 251 1437
1702 670 652
466 214 148
1947 564 474
1211 1 246
1360 1864 777
1295 1417 1738
1333 108 1969
1819 1178 1534
1258 420 1404
932 1883 7
721 1585 1030
1725 403 1244
1873 351 1808
699 1914 161
945 1627 377
75 1274 1794
1813 607 254
1782 778 1432
1669 37 205
1425 1321 88
1785 394 25
815 119 428
59 344 1131
219 1043 1398
732 341 1025
1109 416 651
1255 581 1610
1510 363 389
1294 384 778
1499 162 99
1587 1947 845
1612 1114 964
393 1173 1308
1524 1744 703
1274 476 1044
651 1937 1460
1302 1544 41
913 1054 757
1302 349 1493
80 200 1655
531 1788 1954
1376 1752 1068
692 497 593
352 374 337
1055 1648 1165
100 300 1454
1912 1602 999
306 867 405
1063 169 1106
908 601 1307
916 1484 1447
870 1212 1551
291 1904 49
884 256 423
1574 1664 423
739 116 723
546 28 678
1545 334 1545
302 1749 67
1409 658 668
1068 1574 505
867 796 1717
418 1087 1622
819 1972 230
1594 1546 246
18 637 362
1093 1183 391
1771 1080 1077
1669 1735 1179
1736 1496 189
756 564 115
1261 1431 911
979 201 351
953 1021 323
1183 615 221
1430 633 1210
144 1727 746
887 1850 178
1965 1519 1913
1144 1255 1761
1333 364 325
1448 1625 108
711 604 310
1062 1557 1683
1737 1093 298
310 875 1284
1873 1019 1363
619 1907 1213
1149 224 1085
1415 1720 692
1176 1405 1056
1502 1205 682
1962 268 1638
624 1331 1548
307 1420 993
958 83 1868
242 1956 1239
1605 927 1498
1170 76 1722
255 1491 1794
1300 668 1551
356 522 756
1390 836 1025
1029 1461 708
929 1768 480
1922 726 563
1790 1320 519
1381 1277 1446
880 800 1875
954 1407 1718
749 707 386
652 1064 1260
1409 454 97
786 1835 1558
1846 1116 1678
326 1038 757
890 1180 77
1761 562 1707
1560 1442 507
1435 748 1914
1153 1849 622
1892 502 38
1504 263 844
1601 1049 1032
1511 1247 148
1542 1573 1187
299 815 367
728 929 1281
787 489 723
1294 276 1824
1561 1781 1673
535 25 175
573 1530 790
1769 1483 191
801 995 1438
950 889 1364
489 1540 179
856 620 1460
490 1408 1949
1213 1054 577
1389 615 359
1063 1502 736
1590 427 266
381 197 1750
572 998 1097
363 300 1986
1727 789 1878
1906 1998 498
1367 488 1906
1668 53 1313
246 1443 280
957 858 1783
1693 800 210
312 1181 759
62 106 1758
1511 469 410
1849 196 1552
1727 454 1550
225 173 390
484 194 443
149 792 238
429 1749 1448
212 1794 249
775 458 1782
1534 520 240
1644 383 709
407 232 1257
1959 311 64
1861 889 237
251 1373 431
1046 1874 1223
1285 303 1324
733 868 1471
1334 1995 1929
1117 1881 802
1357 1878 1185
419 285 1770
28 596 81
92 457 970
682 708 695
1465 1754 569
1041 1391 1225
717 477 93
188 1811 88
470 928 1969
1624 638 199
809 1409 484
931 1437 1080
1013 1882 1537
335 916 597
1383 381 352
1952 1774 1743
1177 492 220
1622 1032 32
1710 1854 1312
32 1478 302
231 640 1711
1068 1571 1501
148 936 1383
38 1272 299
635 655 1032
1339 959 807
1083 489 1651
1655 111 683
39 174 538
1704 206 368
358 789 1008
70 209 580
1571 710 1516
1306 748 1140
1957 1735 1795
989 1075 1107
148 510 1596
1799 517 1707
835 909 1881
1725 613 439
445 971 1581
1454 1393 1790
34 1316 500
1902 622 1248
1043 931 1336
1190 273 411
297 421 1273
1893 573 1790
1601 1760 699
1834 1837 1664
274 282 636
1855 1736 381
1997 122 1698
498 377 672
98 1772 1604
1434 962 1877
197 1612 650
1470 1505 1223
1613 1458 1335
312 1645 1172
329 271 1455
965 126 1543
1698 475 18
1396 973 395
69 1072 167
1673 858 1481
1902 1056 1093
552 526 951
128 139 761
1463 804 406
988 1133 677
795 450 1155
338 148 1631
356 1897 604
1103 1966 28
1270 1991 887
752 1893 1943
1845 445 821
1148 573 1313
1910 389 469
316 1377 1954
1346 172 404
501 510 904
132 1219 801
1089 322 1119
1469 1945 1110
356 697 1003
651 894 1801
1825 43 726
1138 305 1115
1607 973 492
1561 319 1016
317 821 1879
1573 1305 1098
375 746 1772
1846 568 1717
957 924 766
312 1928 13
465 1753 408
1192 1243 713
659 850 1686
1152 763 358
168 1432 1179
47 1005 836
1497 1732 1935
1622 1579 503
1691 536 1779
458 1200 1707
823 1666 1812
1231 1210 1055
296 1869 257
1982 1373 1020
340 1894 452
1871 293 1810
1060 1791 1542
1347 1765 1121
202 1456 9
1981 266 1210
41 1089 1228
205 672 438
1261 968 307
1518 1303 1681
891 1995 1927
1695 219 220
1505 1631 363
1048 978 128
169 1532 1585
179 1865 1851
1741 1906 1293
969 112 1965
1759 1725 1286
66 1595 589
99 486 936
26 182 1155
599 1687 786
962 1087 116
1091 1257 1648
1028 1788 1514
879 1529 1772
524 850 236
842 609 1961
128 1027 1557
1069 1479 395
5 1857 577
1161 456 617
1947 1419 1704
416 510 1313
64 1538 1101
1930 769 982
1703 1646 1832
1939 488 793
253 616 1821
1810 1685 1300
557 1690 1157
1487 1203 1614
104 1503 1385
160 1919 1895
1826 335 1785
1279 266 906
262 1969 552
446 260 1392
1592 513 8
1413 675 45
1065 1233 88
574 720 1291
540 1176 1146
1925 1336 1065
172 1514 1401
309 794 19
1216 1056 1988
120 1854 248
1513 1446 1114
1873 1211 1789
1919 276 1374
359 1203 94
2 1743 1622
1149 1669 1311
566 193 825
319 503 1619
338 71 1027
678 191 882
1279 56 680
393 1930 1892
534 201 520
1909 560 1723
355 914 1467
1978 63 1488
1289 982 1681
114 1301 536
1734 1992 607
761 670 1151
1995 1949 1207
676 694 1137
568 1229 1690
1440 1138 250
1164 1493 1165
983 1471 1580
471 760 914
504 1227 568
1393 961 560
0 74 1230
1503 422 1532
711 1098 226
200 18 1807
1891 1458 945
493 974 791
10 1957 614
1591 780 1375
857 1285 954
1425 678 267
1985 1030 341
1568 534 763
1452 1597 213
30 1797 583
1838 40 42
1135 534 1016
1926 544 1326
541 487 106
268 1345 1743
1222 770 773
1489 1108 1804
182 1028 690
1298 480 287
1863 510 436
447 700 477
841 1836 1011
209 114 1555
1535 655 395
1994 923 1740
1737 497 862
511 338 322
667 521 1350
1357 171 182
1996 34 1045
432 833 1745
909 1674 1933
1920 1884 48
1828 1419 703
575 1413 1979
315 1503 828
1529 14 1167
204 1033 40
1906 390 563
89 738 949
1134 1170 1783
1231 80 1457
1517 352 1341
1565 532 1113
620 1107 526
951 1774 29
1780 1656 395
1299 1860 1428
1691 1766 170
254 207 908
1203 1341 431
1338 925 863
796 442 1567
489 359 100
1602 979 1559
129 283 1334
510 63 990
1258 1714 1202
686 1405 968
1209 11 1528
469 1566 869
900 905 146
115 53 940
1683 542 1299
135 145 631
1694 626 914
1028 1488 1329
370 746 1395
1924 1785 1152
1245 994 1163
773 1463 1081
1994 716 338
493 831 391
1433 514 1286
1085 649 1783
1716 696 409
982 76 1897
311 799 996
1706 723 781
1210 1968 1775
373 1093 1590
1806 1088 658
145 1581 1490
888 1366 356
174 451 1358
1957 519 54
718 1501 482
616 164 1281
1964 222 5
745 1432 325
520 1805 1771
462 1964 859
1121 109 792
963 997 510
1671 1524 962
1029 1481 1481
1435 552 983
1918 1520 1147
1199 1484 1722
1556 229 1154
234 1101 1312
5 1563 1276
1216 1036 1385
360 351 734
870 23 610
1832 1052 92
1666 840 996
649 758 516
148 309 0
222 218 229
1377 452 1682
689 457 1597
317 25 634
54 385 985
788 1255 1008
1399 1440 413
1843 1106 1253
839 107 363
1355 607 1024
1707 830 1242
1936 559 1694
1970 1600 503
1567 1917 528
553 1971 1265
1891 759 873
1251 510 313
1664 705 1771
1269 1896 230
1984 1251 837
1009 1310 19
251 1598 578
298 1568 530
801 1136 447
1682 41 418
947 1932 1530
1820 1184 40
133 1200 1098
256 470 994
486 806 598
1676 1815 1908
1695 419 1507
626 717 1075
1156 1518 563
1956 1200 605
374 148 537
1904 320 73
297 806 1274
1747 1062 96
741 1549 902
1339 1225 718
1600 1272 1137
1107 250 1854
534 1759 1724
1098 1715 1277
55 89 1777
944 346 97
1018 995 903
644 742 1966
740 1483 1867
1642 1175 1444
360 775 716
1849 1882 1319
55 768 1078
1780 218 793
1409 273 1234
1186 1570 1580
1283 940 927
539 1584 1669
505 324 1505
724 1966 680
168 327 1455
884 528 1689
203 584 457
1633 716 676
426 125 1301
13 1663 1223
1945 1298 163
873 1837 1747
542 694 71
47 1418 38
1079 1586 717
886 823 1245
575 1378 181
1385 1012 1249
413 1790 1726
1714 1803 1389
938 1749 1040
1101 974 877
1201 1516 1924
1272 1916 1342
1662 995 1281
379 234 456
1977 809 1834
510 194 1198
1760 959 1341
1486 1026 1496
1228 1964 1245
268 1417 219
1497 970 88
1421 243 356
1116 1905 1703
749 637 1937
1205 614 747
1391 1476 1293
942 1236 253
283 1075 1279
1779 655 1595
1377 923 1364
1948 772 335
388 546 930
744 14 1187
448 763 1824
385 320 790
1484 63 267
1130 1005 1855
1735 1640 1282
1366 1420 1937
1313 1149 1212
1029 1097 1985
1716 1486 531
646 230 897
1834 1030 1660
10 1768 332
1153 1604 395
1772 734 1753
1627 821 1393
910 187 1165
1199 1852 314
412 882 1764
397 598 1250
1280 1597 1832
177 1783 1215
189 145 983
521 1298 939
1268 1070 1674
1021 1050 847
767 312 1387
1932 1511 1239
599 1923 473
363 672 1424
1965 1952 1021
149 481 1156
1364 670 1301
699 1543 600
1639 1164 22
1665 185 1072
512 1304 1736
251 1237 1248
1843 1836 1171
316 551 196
1740 516 148
1113 665 630
269 382 1652
1571 1081 1196
171 1072 712
545 737 897
1618 1602 554
1354 1853 1791
954 1696 1979
478 365 882
674 457 1398
822 1571 415
1804 1840 1149
1809 1763 231
1357 286 1303
69 832 393
966 802 1995
1872 156 200
1663 1463 1897
1994 1941 614
876 615 1071
626 1789 642
1394 1594 835
543 1403 598
1126 760 1237
782 829 69
1175 147 871
1170 20 1379
1722 35 842
1971 382 783
585 1610 1398
1657 589 1540
651 335 1134
1838 1230 889
789 357 1
26 1139 1182
95 666 1329
966 188 1701
697 1910 89
1540 1882 471
323 467 433
74 476 1022
1614 1128 1357
1100 966 588
341 1755 1297
342 133 788
1524 228 1454
1205 1546 1642
1259 244 1552
1348 136 1786
171 811 254
956 1237 730
1979 1203 210
1688 303 1529
628 644 1636
277 1338 1770
1065 1214 350
871 420 1897
513 31 493
418 1379 629
204 1902 1792
810 1210 1030
1541 1189 233
103 1230 889
1632 210 1885
1269 840 1224
1391 1905 438
1741 777 1210
1990 1642 1241
483 412 972
1464 617 1226
1609 1427 437
639 1320 1978
872 1424 1560
1761 1408 1771
1999 677 611
1223 68 868
13 162 1997
1224 152 1640
817 988 404
1790 452 1021
1368 61 801
1805 1052 473
1784 1925 1897
1344 38 1658
1467 389 687
430 1612 756
1651 1978 1270
1648 1202 1422
1640 19 410
397 161 1215
1418 1530 1628
571 1687 681
1045 1471 958
1294 1168 1348
952 987 1738
1640 1770 1350
748 1421 1328
18 1421 882
1792 1414 1254
203 1811 1767
1418 1581 1649
1398 153 1337
79 1550 1160
1037 1196 328
386 149 1668
124 141 1438
1826 1241 1211
1507 1611 984
741 1403 750
1995 1958 561
1763 1728 495
1412 1127 1000
1101 1206 550
262 596 1746
942 982 247
610 1458 740
400 1636 1981
1963 1143 1592
948 1885 1348
50 232 1306
964 347 1387
1459 112 514
459 1213 72
1361 1475 668
1459 418 1650
1707 1380 1460
447 133 1097
781 96 240
725 1396 477
73 1447 710
1732 411 1409
1119 222 1521
1633 1033 1087
1705 394 562
374 1853 1332
376 1912 1065
1837 712 1198
934 1493 1294
1526 570 1043
4 644 490
1066 376 1253
475 1495 1827
349 1480 860
1436 1537 1254
350 263 1459
1683 640 1724
748 829 788
1946 1763 633
1592 1641 1203
635 1997 1847
1477 1063 575
1082 1891 422
909 240 254
1769 1676 1792
1375 378 55
1187 61 1047
911 1161 1876
51 1459 1991
684 1052 1985
1887 39 1982
87 1869 1046
662 951 1289
1437 1861 1529
1691 1630 1557
1835 1358 1935
243 545 349
1290 1808 1510
1519 211 1322
1862 895 726
1847 782 765
1830 1221 634
1228 236 1586
517 1673 1799
398 1716 1781
1955 1552 1139
242 1795 36
943 1437 196
806 956 407
128 1171 1302
854 1018 437
1971 1200 1658
606 428 246
544 945 1919
343 1343 1636
124 1650 1540
1616 245 1335
4 1188 1124
201 1994 81
608 474 1252
263 1328 622
1052 1300 1823
1062 258 251
1309 802 1549
1580 1497 1244
1568 1973 1247
1108 1941 1492
795 1946 1032
1920 147 1027
353 1107 1853
1957 1722 1182
579 774 834
754 189 1444
1358 1498 246
907 1078 95
151 999 420
1398 107 362
1242 1255 308
275 1175 807
1654 1880 266
1507 1837 1989
1041 768 1115
227 1875 1304
1671 1233 1154
269 492 585
364 643 1584
785 394 43
1147 1988 1298
1807 263 825
614 269 705
880 129 894
1221 1170 15
337 1750 1890
1993 1421 1123
1500 1691 1615
437 407 610
21 1544 1356
416 1043 1697
1715 850 312
540 1816 582
1598 1049 711
492 270 233
