600
594 470 143
1681 1650 1996
662 999 1588
1476 1293 1314
1665 1850 413
202 1274 1780
423 115 1202
531 590 1575
1174 1915 1
568 1602 1494
481 549 1964
976 230 1966
972 1244 1317
913 721 611
579 738 461
992 941 87
1125 1716 202
679 248 1144
606 1774 1412
959 694 1014
453 1527 1563
770 504 146
736 1828 1390
54 741 463
1017 1673 1202
1830 665 495
269 142 211
824 1174 811
1968 1780 937
1380 740 1983
395 1545 1511
310 315 367
456 1404 195
199 1810 1289
662 1179 962
216 1009 1979
711 1278 474
1275 454 1648
438 423 1780
1728 1803 872
1711 550 418
1222 1213 1085
1941 21 841
137 220 651
1426 1235 1830
740 1451 1191
719 515 822
1193 142 1276
1193 580 51
974 308 207
1846 20 757
264 1594 322
1702 1536 344
543 25 916
1547 1803 151
1729 543 1955
921 1614 470
95 1160 612
1371 353 1544
1423 1327 1853
1630 1174 225
739 1790 171
1414 1492 1707
1758 388 84
674 1935 1887
1178 16 430
1133 937 397
1603 1032 1557
567 756 1910
111 531 1238
1964 513 764
541 1252 554
713 666 399
772 776 1139
857 1803 1074
744 981 1090
1527 114 380
1924 69 1764
1481 636 520
1391 747 1051
981 1064 1564
1745 1605 1169
652 318 187
1403 1091 964
542 300 767
1968 1044 1748
1058 923 214
1790 847 283
1555 680 919
427 424 18
1831 1405 1082
1747 1503 688
1268 507 1358
1456 1910 801
772 452 1101
1891 420 146
1991 1830 1421
205 1973 269
488 1528 1301
1759 307 1725
1777 138 1483
1212 238 1338
1900 1506 1845
1610 1314 1755
412 86 559
1513 1977 1331
11 320 1161
1433 525 1134
54 1365 1014
1355 1476 1674
1433 1254 164
916 466 402
254 718 261
451 328 1575
206 1092 1662
1117 958 1991
448 969 312
1961 754 1189
1448 1160 555
814 516 31
488 1949 1637
653 1217 455
1407 1471 1173
20 274 1854
1596 480 946
1610 1597 1904
1953 397 1226
617 358 332
1807 1806 1493
714 621 9
745 1461 310
735 466 1879
1190 1874 1702
716 246 1976
570 1842 456
1868 1804 405
125 1758 1154
1351 375 1512
1683 182 1671
1528 896 292
1537 1994 1753
199 1081 220
78 271 446
1780 987 692
1756 1909 887
564 130 691
1321 255 449
475 1958 1177
1988 1993 1711
1659 1522 960
303 1411 954
56 1963 35
628 41 658
1074 174 1998
119 1930 259
1006 847 389
1697 168 996
499 644 1306
1676 984 1300
1387 995 1174
699 1298 937
1653 1706 900
40 335 942
1051 1761 1468
1401 1880 1398
1660 1238 245
402 936 766
1750 1787 1410
1057 1815 394
709 1554 1389
1883 254 1039
820 1907 745
73 300 1432
1015 1703 1194
835 1104 1426
233 1116 665
831 1518 1953
1949 1269 1740
1359 326 1555
105 1387 1461
1846 1270 1715
885 442 1975
1982 515 627
1415 1882 330
961 717 1434
387 1303 902
1404 486 421
1357 435 42
1449 146 720
1356 251 107
818 449 1729
533 1686 171
860 20 1039
1487 1435 921
1817 748 1991
1603 1488 1294
506 892 132
1279 602 567
1321 403 713
393 1760 1316
500 930 117
581 1815 1803
752 676 1823
1791 163 1611
1065 1981 359
1056 1936 199
350 442 1444
834 1721 46
1401 1394 801
466 139 913
134 639 1843
251 1572 1659
406 325 687
229 468 850
192 1533 1183
904 941 1120
1103 1643 1914
547 477 1988
945 1878 1382
1747 696 1522
660 830 513
856 1081 86
867 1487 763
1554 69 1583
756 613 1469
292 1517 410
1412 973 54
1326 1872 531
1314 1170 762
1049 1269 1458
923 281 289
1788 1137 1722
226 356 1562
989 1910 1983
925 1019 596
394 1311 466
804 1075 1791
858 753 15
1742 420 1185
504 1469 454
314 744 736
955 532 1873
678 759 582
592 100 844
575 1025 1863
1171 1419 1526
1989 576 601
132 1434 1355
148 1528 127
1333 32 1596
1788 347 692
876 1654 1576
1101 332 687
1683 924 788
528 1499 165
391 1023 1937
1918 1364 513
871 1497 299
578 1645 1828
705 978 212
653 1118 911
1345 1994 566
922 1096 898
1961 779 175
749 1307 26
1267 51 1401
1556 321 766
421 1544 615
720 123 260
900 828 1590
1113 1482 1061
24 1179 1055
590 453 503
1841 415 1283
368 1516 942
394 783 1345
1796 691 1666
914 1112 1211
1881 1833 1686
141 733 514
83 1846 348
1144 223 1528
552 813 333
1055 1006 748
690 1374 265
1985 1769 1400
1330 1917 92
1349 1183 1204
912 1064 1389
598 1557 475
1464 1640 673
1813 1137 896
1693 1689 62
26 1096 1068
775 1787 795
1392 124 916
792 1454 1185
884 1155 368
441 67 1784
182 1017 1341
657 482 1333
1331 295 822
227 340 863
641 366 1960
62 1141 99
857 533 223
125 1678 29
1310 914 1185
30 1355 1604
1814 1890 622
1507 547 1104
840 230 1751
15 810 91
878 1451 457
838 1513 1951
937 722 836
1512 1199 514
1542 509 1429
1079 539 1136
683 705 1378
1305 212 1926
409 1405 156
512 1420 966
603 298 770
1061 1489 635
1364 778 1710
200 643 909
1067 185 1771
496 1616 310
1984 299 1368
1363 1957 1932
1641 718 1689
149 1231 1109
1468 1834 1760
238 1247 1601
1225 611 379
935 812 1022
1845 1879 1559
1616 727 1527
278 1063 1827
1998 778 136
1931 771 854
1620 921 85
1082 389 272
1194 979 1519
795 204 131
1526 1492 1295
901 1689 1174
812 1657 253
340 1935 1668
519 286 447
655 217 1570
1861 189 491
1947 1623 1232
571 1169 563
90 316 1120
221 1843 612
1516 1096 301
1042 1908 1958
1647 600 245
1668 1119 883
115 126 1452
37 1988 1994
529 287 1617
113 858 787
677 948 1103
1797 1522 1298
761 1390 746
1414 785 1007
1724 784 1607
321 452 1079
1205 919 1557
657 957 1545
651 1486 184
621 1951 1042
1760 628 343
1215 777 1865
514 1538 1607
1612 1304 392
619 1028 1177
579 1350 1629
1658 907 549
1215 1564 1506
1113 568 1344
1297 1189 1295
692 949 276
1035 164 1405
1252 1030 944
1211 643 600
1604 1614 1629
1133 193 1331
1114 203 238
15 1771 154
1521 884 722
1217 533 263
865 1577 1564
1141 964 81
898 216 1463
1842 1428 458
795 1384 73
424 517 618
107 1983 822
345 1999 593
499 1872 1829
1574 1090 714
189 307 292
1754 1800 1256
187 698 1825
1650 893 1253
109 1688 989
534 464 1858
1152 571 1841
1974 916 1840
919 1767 65
748 1693 1155
1463 1883 1814
107 1989 1614
1363 176 312
1188 1826 1557
793 287 1245
134 821 1709
1992 1974 280
186 300 1548
378 1220 1668
443 1968 1361
1598 1783 1244
1764 1890 1233
1378 1254 1761
43 794 1588
1600 1940 227
1198 74 1049
1259 419 1375
1892 605 1675
1440 983 895
1460 1427 1216
822 1377 999
418 1142 890
1652 872 496
1765 1267 1290
1353 868 1230
1933 418 1657
1334 1677 76
709 1569 681
384 1362 16
1632 822 1443
848 1996 1173
1847 415 315
1089 419 1539
1585 184 807
876 1890 27
458 1823 445
467 1157 474
895 218 396
1576 602 1758
1945 586 932
1740 1434 929
913 1634 1344
1580 723 115
1120 309 299
1927 1537 541
1954 347 364
751 815 1873
1225 62 91
1621 1991 1046
1731 1936 1632
664 1676 1419
1945 590 1053
1641 170 1776
1756 1290 437
407 1569 1974
949 1875 674
1665 626 1841
1539 204 1903
1630 177 1894
676 1909 1830
661 925 1507
80 1222 449
1133 863 971
1261 971 262
1699 1378 183
25 327 59
699 345 1037
540 1884 1593
796 1866 1771
690 543 32
521 1556 957
380 1636 531
1181 1121 1394
152 382 365
766 433 95
950 459 775
1361 1510 1120
750 403 1004
344 1199 870
115 1889 1765
499 762 1321
1456 1494 1309
339 675 782
1733 1180 1517
450 1946 1950
545 1248 761
1320 961 272
440 1712 1027
1796 56 226
1019 523 467
784 1022 1230
458 830 724
119 1169 1752
902 902 932
419 1352 1230
369 249 479
1483 1570 1440
107 362 1152
1134 159 1560
1712 1178 83
179 314 1105
1409 1124 1935
486 1244 1104
590 146 358
1522 565 1710
1104 1286 1960
1583 1121 1882
1376 1228 244
880 714 755
793 426 285
876 606 600
1982 367 1724
269 853 1320
1374 1443 1466
1732 1317 383
1795 422 22
107 357 1143
1989 85 724
585 1318 1438
1693 111 1865
1978 987 823
930 1321 1190
1007 1943 396
327 1669 191
146 1401 1509
529 1548 283
903 1655 992
47 1996 1430
1123 934 748
561 627 1211
778 957 550
1953 1888 224
1144 1247 167
1892 1574 1836
83 72 1589
1592 602 1138
227 1857 1145
1572 1904 1494
1002 1379 428
102 293 1055
1313 1423 12
1863 1377 252
87 873 1499
254 765 1426
442 848 1498
32 793 452
1170 1372 310
667 944 566
161 1946 1946
589 400 591
1996 1713 14
361 1577 1391
965 16 616
465 623 1381
243 1065 582
93 1097 1375
546 619 1099
1208 1287 44
1774 1448 342
72 390 743
663 386 808
678 1099 385
421 65 754
1038 882 1377
771 1125 442
1353 1218 1892
728 116 511
180 1324 150
224 1451 1951
918 1875 341
13 539 1079
822 1569 531
1559 342 596
313 1380 1478
42 152 955
485 1505 525
729 586 642
1592 1118 318
1743 1342 1769
46 612 1645
739 626 536
170 1448 105
701 1007 799
1649 1673 180
1127 1715 684
